28
28
28
28
14
14
14
14
12
12
12
12
26
26
26
26
24
24
24
24
13
13
13
13
8
8
8
8
0
0
0
0
4
4
4
4
16
16
16
16
29
29
29
29
18
18
18
18
15
15
15
15
17
17
17
17
7
7
7
7
27
27
27
27
9
9
9
9
30
30
30
30
25
14
14
14
2
2
2
2
1
1
1
1
21
21
21
21
13
13
13
13
27
27
27
27
19
19
19
19
6
6
6
6
23
22
23
23
29
29
29
29
10
10
10
10
3
3
3
3
30
28
28
28
28
28
28
10
28
15
14
15
14
14
14
12
12
12
23
12
22
10
12
12
26
26
26
14
14
26
2
26
26
26
27
26
24
30
30
14
14
14
24
24
24
24
19
19
29
29
29
3
3
24
15
15
15
13
13
13
6
6
6
8
15
15
17
17
8
8
9
8
1
1
1
8
19
19
8
10
10
18
18
18
20
0
20
2
0
2
0
1
0
19
0
19
0
0
6
4
4
4
4
30
30
4
4
4
4
6
4
16
16
16
16
17
16
21
16
21
22
21
21
23
29
23
29
29
29
18
18
18
18
18
23
1
1
15
17
27
27
17
17
19
7
7
7
21
21
21
20
27
27
9
9
9
9
6
9
10
11
9
30
3
3
27
27
14
14
25
25
6
2
2
10
2
10
3
3
2
