478
478
274
493
493
328
335
321
191
314
375
272
273
272
273
312
312
312
313
312
304
190
478
478
329
226
493
101
335
191
267
304
313
312
304
304
282
282
282
283
359
372
313
374
372
372
374
372
374
372
359
78
79
357
357
357
310
310
310
313
310
311
311
310
311
310
311
311
78
78
108
108
108
8
8
322
405
405
108
273
308
283
280
317
313
313
267
110
329
110
158
158
8
8
273
335
317
317
8
8
109
488
231
8
8
492
110
110
231
8
8
101
103
320
183
323
8
8
321
102
102
329
323
109
8
8
250
267
266
447
492
281
287
8
8
269
190
111
109
111
334
281
190
312
108
282
309
372
309
309
447
329
447
266
274
158
229
372
372
103
426
442
442
442
426
426
275
275
426
426
335
267
426
426
446
102
269
269
110
447
231
229
229
334
334
426
426
446
240
190
247
426
426
247
446
443
337
337
426
426
275
495
493
281
493
441
426
426
274
335
320
493
231
267
111
426
426
269
335
334
337
493
488
79
132
9
266
489
250
269
281
109
190
229
229
219
42
135
135
40
42
269
323
334
334
182
329
287
328
229
229
329
142
134
134
132
128
173
132
132
128
142
133
136
133
128
133
132
132
128
133
173
133
132
142
133
133
133
133
133
132
136
133
133
173
133
133
133
132
133
133
133
133
133
133
133
133
133
133
133
133
133
133
133
133
133
133
44
43
46
37
46
37
32
44
43
46
44
43
41
46
41
32
32
46
46
46
41
44
46
46
46
46
46
46
188
183
46
44
46
32
41
46
46
46
33
46
46
32
46
41
46
46
46
46
46
46
32
40
46
46
152
46
46
210
220
220
215
215
214
210
209
213
208
209
200
211
215
208
212
210
210
214
213
213
339
489
488
210
209
210
210
208
213
209
210
209
210
211
210
210
210
210
212
210
211
210
212
212
200
210
210
210
212
210
223
210
200
209
211
211
211
207
207
202
217
204
216
218
204
218
207
218
204
218
202
219
217
218
202
216
217
218
207
207
202
216
218
207
206
204
204
202
218
218
218
207
218
218
221
202
206
218
218
218
218
216
202
216
202
218
216
221
218
218
218
218
146
144
146
157
144
154
149
223
45
45
53
53
53
53
149
148
223
148
45
146
146
148
148
45
45
148
148
150
150
148
150
157
148
148
154
148
148
45
148
148
130
154
148
148
45
148
148
148
148
146
146
148
148
148
148
148
148
148
130
473
477
473
464
473
473
53
53
53
53
53
53
474
448
448
448
448
475
448
475
475
473
435
473
473
472
448
449
475
473
473
449
472
475
473
473
449
473
449
472
449
475
472
473
464
464
448
472
475
473
473
477
450
473
473
473
473
449
473
473
477
15
10
15
8
8
10
8
14
0
15
1
10
1
0
10
10
25
8
10
10
10
8
10
0
0
10
10
1
10
10
10
10
1
10
25
11
8
14
10
25
1
10
1
10
10
10
0
10
10
25
1
8
10
10
1
424
190
191
111
251
53
53
441
441
441
430
440
424
424
441
430
424
424
441
430
429
425
416
430
441
441
425
441
416
440
440
440
222
425
425
430
440
441
441
222
416
440
424
476
441
476
429
222
430
425
440
430
441
425
440
440
441
440
440
425
425
329
266
335
109
53
53
329
419
159
131
10
201
212
13
323
322
111
322
322
53
53
335
269
47
201
141
136
141
140
141
140
138
141
140
139
141
169
140
140
141
169
166
140
141
169
138
141
166
140
141
139
141
141
141
141
140
141
139
139
141
141
141
137
140
141
141
141
141
141
141
141
141
141
140
139
141
141
141
141
141
34
34
36
38
33
34
39
36
34
38
36
33
33
34
33
33
33
50
33
33
33
36
35
33
35
34
34
39
226
103
323
101
53
53
323
182
191
33
36
33
33
52
33
33
34
33
33
33
34
33
50
33
33
33
33
38
38
38
52
33
33
33
34
33
238
224
224
224
234
238
234
224
238
232
238
238
239
232
237
237
239
238
238
239
238
238
238
238
225
238
238
237
238
238
238
238
232
232
238
238
238
224
238
238
238
238
238
237
238
238
225
225
238
232
238
225
238
238
225
198
198
218
195
338
194
196
218
196
195
195
218
338
218
193
488
275
226
102
53
53
493
446
339
111
192
218
218
218
196
196
235
218
218
194
193
196
218
218
193
218
194
196
218
218
218
218
196
218
218
218
218
218
218
218
218
235
218
218
194
218
194
218
194
218
91
155
155
94
83
155
155
83
155
155
155
83
155
155
93
83
83
95
155
155
155
95
83
95
95
95
95
95
91
83
155
94
155
95
83
95
155
155
155
155
155
95
83
93
93
155
95
83
155
155
95
155
95
83
93
468
509
509
470
509
509
509
450
467
509
450
466
470
465
509
509
509
509
435
466
468
509
509
509
509
466
509
509
509
509
465
509
467
509
509
509
509
509
470
470
467
509
468
466
509
509
509
509
465
509
467
509
465
509
465
10
12
10
493
10
10
10
28
28
26
28
12
28
27
10
28
27
30
30
10
27
233
10
10
30
10
10
28
27
10
12
27
10
28
30
26
10
27
10
31
10
233
10
30
10
10
10
10
10
27
10
10
27
10
10
10
418
416
418
416
445
422
416
420
422
416
420
420
420
421
416
416
421
416
418
416
416
418
418
418
445
422
421
421
416
418
416
416
416
420
416
416
416
416
422
416
422
420
416
421
416
421
416
416
416
416
416
418
421
421
416
243
495
129
139
143
89
10
428
153
443
488
488
203
436
170
165
171
163
172
174
174
170
170
172
170
174
172
172
169
169
141
171
171
165
170
141
141
169
141
141
162
141
141
165
169
141
141
170
141
141
169
162
141
141
170
169
141
141
141
169
171
141
170
171
141
141
141
141
141
48
48
60
58
57
48
48
48
63
55
48
57
55
48
48
60
60
50
57
57
48
50
49
55
55
58
49
50
230
230
230
230
60
50
55
58
63
48
50
50
48
60
50
63
48
48
48
49
63
50
50
50
58
63
48
50
50
50
50
243
241
243
241
241
241
241
245
241
241
245
241
236
245
237
241
241
255
241
255
241
230
230
230
230
230
132
241
243
242
241
245
241
255
243
241
241
241
241
237
243
241
243
243
241
241
241
255
241
241
241
236
241
241
236
241
255
236
241
236
236
351
341
341
197
341
341
351
341
341
341
341
349
341
341
218
351
347
341
341
351
197
347
351
347
347
347
347
347
351
351
351
347
347
351
347
347
351
351
341
341
345
347
349
347
347
347
351
341
341
341
345
347
347
347
347
90
114
90
90
81
90
81
90
87
87
322
329
322
323
230
230
87
81
82
90
87
92
90
90
90
90
92
90
90
82
93
87
87
90
82
90
82
83
87
82
92
83
90
157
90
90
90
82
90
90
90
83
90
93
90
87
87
90
82
92
93
90
432
90
90
90
510
266
111
269
335
230
230
334
90
433
433
433
438
90
90
510
509
90
90
438
90
433
433
90
437
90
437
505
437
90
90
90
90
90
90
433
90
90
508
510
90
90
433
433
90
90
90
90
90
90
90
90
90
90
90
505
90
113
20
16
281
280
489
493
230
230
447
489
23
21
21
113
20
113
21
21
21
21
21
18
21
21
21
21
21
16
21
21
16
123
18
18
21
20
21
21
21
18
21
21
21
21
21
21
10
18
21
16
21
21
21
21
16
21
121
121
21
21
21
21
393
417
393
398
395
398
395
386
398
417
398
396
398
398
396
398
398
417
397
386
386
395
397
398
397
398
398
398
398
396
398
397
396
397
397
397
398
396
398
417
398
398
397
397
398
398
395
398
398
398
396
398
392
397
398
101
287
447
103
230
230
347
111
275
408
244
343
385
22
199
29
191
191
218
22
161
181
181
176
181
181
161
189
189
189
178
181
189
179
181
189
167
181
181
181
178
181
181
181
167
167
164
167
178
167
161
167
181
161
189
179
167
167
323
226
103
102
230
230
103
101
267
281
189
161
161
181
189
181
179
167
181
178
181
164
181
179
181
181
181
181
181
481
5
62
62
62
62
62
56
62
62
50
62
62
62
484
481
481
4
62
6
62
62
62
62
62
62
56
62
481
62
62
62
484
62
62
6
62
481
4
62
481
62
62
484
62
62
62
62
4
484
62
62
62
62
62
262
248
85
254
253
248
248
246
254
248
248
248
248
248
253
248
251
248
253
248
255
248
248
253
248
248
253
248
248
248
248
246
252
248
248
248
248
248
253
255
253
248
248
248
255
248
255
248
248
248
248
85
248
248
248
248
248
336
340
491
336
381
381
342
342
342
342
342
340
342
342
109
191
342
340
342
342
491
342
342
342
342
381
342
342
342
342
342
342
342
342
342
342
342
342
340
342
342
342
342
342
342
342
340
342
342
342
346
342
491
342
342
381
366
72
77
77
65
66
72
72
66
74
66
80
80
80
72
80
72
66
80
72
72
72
72
72
72
77
72
66
72
72
66
72
72
72
72
80
72
72
80
72
77
72
86
66
72
86
74
72
66
77
72
72
72
72
72
72
72
508
503
491
503
503
503
323
275
509
507
503
503
328
504
507
507
503
503
503
503
503
504
510
505
491
510
505
505
328
505
505
505
510
505
505
505
505
505
491
505
507
505
507
505
507
505
505
491
505
503
505
328
505
505
505
505
505
118
124
120
126
112
273
322
447
120
120
120
112
112
112
112
124
124
124
120
112
124
126
124
124
124
124
124
126
120
125
124
124
124
125
124
125
124
124
124
124
124
124
124
124
124
124
124
124
124
124
124
20
124
124
124
120
20
120
124
120
412
390
398
390
403
388
398
411
398
390
388
411
385
390
411
384
384
385
385
390
390
386
390
390
385
411
388
390
390
390
389
385
390
399
384
390
390
390
386
385
398
390
386
390
390
390
390
390
390
398
389
399
384
399
390
390
398
228
228
228
228
71
244
342
511
115
511
431
103
231
188
228
228
228
228
228
132
127
115
181
181
181
167
181
180
167
358
181
181
176
181
181
181
181
181
181
181
181
176
181
181
181
181
180
181
167
181
181
181
181
181
176
181
181
181
181
180
490
62
490
490
490
490
62
490
490
490
481
490
481
486
490
482
482
486
480
490
490
62
482
490
482
490
482
482
110
109
110
102
228
228
481
482
482
486
482
482
490
482
3
3
490
486
490
490
482
3
482
480
482
482
490
487
490
482
482
482
481
271
257
260
260
262
261
260
263
262
260
257
270
329
266
269
335
228
228
321
261
260
261
261
261
270
261
257
261
261
261
257
261
261
257
261
261
261
252
260
257
261
261
261
261
260
320
330
378
266
378
348
378
330
378
378
333
333
332
333
332
266
489
488
287
228
228
247
334
330
326
348
266
333
324
348
326
326
266
348
332
324
378
326
378
406
348
332
326
348
378
378
378
333
333
324
326
348
333
348
326
266
266
348
324
266
348
324
348
363
65
65
366
65
68
365
68
366
68
365
364
365
65
365
365
365
364
65
365
160
68
365
70
65
68
68
365
365
365
366
365
365
365
365
65
364
365
503
498
503
301
503
503
183
322
102
249
228
228
493
188
102
503
503
503
503
503
503
503
297
503
503
498
297
297
297
297
301
496
503
503
503
503
301
301
498
503
503
502
500
297
503
297
498
297
503
503
503
503
503
301
500
503
503
301
503
503
503
301
297
301
119
119
99
119
112
118
119
119
118
119
116
119
118
119
112
119
118
118
119
115
112
118
115
118
119
112
119
119
115
112
119
119
119
116
118
115
119
119
402
329
250
493
275
228
228
281
488
269
269
391
403
409
391
391
391
414
409
391
409
391
412
391
409
409
391
258
409
414
391
391
391
391
391
391
414
391
409
391
412
409
391
414
409
391
391
409
124
64
97
325
410
365
69
410
499
185
185
185
185
167
167
185
70
167
186
156
156
358
185
167
187
187
185
185
167
358
358
167
278
278
278
454
278
462
459
459
462
459
463
453
278
459
459
457
457
278
278
463
459
459
458
459
459
459
492
459
457
459
482
482
482
482
459
457
482
482
457
459
482
492
459
459
459
459
459
459
278
463
492
463
459
459
459
482
459
270
265
271
156
156
270
270
271
265
270
270
270
265
263
263
264
263
265
265
264
261
270
264
373
377
377
380
377
377
380
352
377
376
380
355
376
377
376
380
376
156
156
226
376
377
380
377
377
377
352
377
378
377
376
377
376
377
382
382
377
376
376
376
377
382
376
382
378
376
382
376
378
382
382
352
377
378
380
376
382
382
382
380
68
365
68
363
365
363
365
365
365
365
365
362
363
365
365
365
367
65
65
362
363
290
302
302
296
307
298
296
289
156
156
281
281
302
302
302
302
302
300
302
300
300
302
302
302
296
302
302
303
303
302
303
302
300
302
296
296
296
302
302
298
303
300
303
296
303
296
288
303
302
302
298
302
298
298
289
302
300
298
302
289
289
156
156
446
323
446
117
98
98
99
98
99
98
100
119
98
98
98
98
100
99
100
100
98
98
98
99
401
401
401
401
400
401
401
403
401
401
401
401
403
401
403
403
403
403
177
403
403
156
156
322
447
102
102
279
453
302
496
460
496
496
229
229
229
229
156
156
103
191
102
103
109
287
267
279
272
279
277
276
358
279
358
279
276
358
273
156
156
109
274
328
329
274
274
315
454
315
454
315
315
454
312
315
315
461
461
452
315
455
452
315
315
274
315
452
461
452
315
315
315
453
315
315
315
315
315
315
453
461
315
315
461
264
156
156
281
323
323
274
322
281
322
284
264
264
284
284
264
264
284
285
284
284
373
353
353
359
353
355
371
359
353
353
353
355
184
353
353
353
353
353
353
353
354
353
353
369
353
353
353
353
354
354
353
353
353
353
369
353
353
354
156
156
281
329
281
489
489
493
111
489
360
360
362
362
360
362
362
362
283
360
360
360
305
307
307
290
305
290
307
305
290
290
290
290
292
290
290
290
290
290
309
302
292
292
290
290
288
290
299
290
293
290
290
309
299
302
305
293
293
290
106
106
106
106
107
106
105
107
106
106
106
106
478
478
405
405
407
404
407
407
407
405
405
268
405
405
274
404
264
362
283
461
452
229
229
229
229
229
132
478
478
306
286
272
272
273
272
478
478
447
312
319
315
319
319
319
315
318
319
318
315
315
319
318
315
315
315
315
315
315
318
315
285
479
479
102
111
282
282
282
372
359
479
478
322
103
322
370
359
370
359
368
373
359
373
368
359
359
359
359
359
373
373
370
359
359
359
356
356
361
357
478
478
280
231
280
102
310
306
306
305
306
306
305
306
310
305
307
307
295
305
306
295
295
307
306
307
307
306
478
478
274
241
226
103
111
108
107
107
107
478
478
191
111
103
103
111
323
405
404
407
405
315
108
359
304
314
370
304
272
282
8
357
108
405
273
283
308
312
282
108
426
79
9
132
53
419
131
159
129
143
139
230
408
343
244
71
228
163
244
124
97
64
156
279
302
453
229
478
274
264
404
315
359
108
272
273
273
273
272
313
319
312
304
315
313
304
304
304
315
280
304
304
304
304
312
312
312
317
285
285
282
283
282
359
374
359
14
373
370
372
372
359
374
314
374
372
375
283
359
313
359
375
359
356
357
357
357
357
310
310
310
295
311
310
310
310
311
314
314
314
311
308
310
310
305
310
375
10
108
108
108
106
107
405
405
405
404
405
1
424
441
424
32
132
79
132
132
132
132
132
132
9
128
140
40
128
128
128
229
138
133
133
229
159
133
133
133
133
133
133
135
133
133
137
135
133
133
133
42
133
133
47
133
133
133
133
229
133
135
133
133
133
133
136
79
46
36
32
419
32
419
46
46
34
46
46
9
46
41
52
33
33
132
33
44
44
46
46
42
47
135
46
46
46
152
46
32
46
47
428
46
46
46
53
44
44
46
42
46
46
46
135
46
46
46
210
209
224
209
209
210
209
214
214
238
210
214
214
211
213
232
213
213
213
213
210
209
219
210
42
212
219
210
219
212
135
210
42
210
210
210
210
47
210
200
210
210
200
220
210
211
211
212
210
210
79
204
235
218
204
218
207
145
131
338
145
202
202
202
228
218
218
218
218
218
218
218
207
152
221
218
219
10
202
10
207
13
218
201
42
201
218
207
219
218
218
218
42
219
218
218
218
218
218
218
146
76
148
148
148
148
154
154
155
154
148
148
148
45
45
88
41
149
45
45
45
154
148
219
148
144
148
148
148
148
148
148
148
148
47
154
201
40
154
130
148
148
130
148
201
148
131
154
148
148
154
473
450
79
478
450
473
145
477
470
477
473
477
473
132
473
467
132
159
475
159
435
473
219
471
473
47
135
449
473
449
219
475
475
201
473
449
473
201
477
472
219
477
477
201
477
477
135
212
477
477
8
12
8
8
8
8
0
10
27
10
0
11
10
132
10
233
1
1
1
1
79
25
10
10
10
10
10
10
10
13
10
10
10
10
10
10
10
10
25
1
10
10
10
10
25
10
10
10
11
25
441
424
421
79
424
79
419
441
445
426
426
430
131
132
159
420
132
441
132
159
425
416
219
476
42
47
135
476
145
10
135
13
42
47
42
201
425
222
132
159
145
429
42
201
426
430
135
13
40
47
132
132
169
141
129
133
132
136
136
172
136
134
133
143
139
139
170
139
139
133
138
132
141
137
141
136
169
141
141
141
141
133
136
141
141
136
141
136
141
141
139
37
136
201
141
141
141
133
133
141
141
32
32
60
32
44
34
46
46
46
55
32
33
46
34
33
33
48
33
33
33
52
419
33
39
33
201
39
33
33
33
153
46
153
47
33
44
206
145
59
41
41
33
428
33
33
33
33
33
428
33
46
209
209
241
209
238
210
209
210
225
241
238
238
211
225
213
213
245
238
213
210
232
209
238
212
210
210
210
237
210
238
212
237
210
210
59
238
238
210
210
213
213
210
227
210
210
234
225
210
212
210
210
218
218
351
235
218
218
198
218
207
341
207
218
338
218
218
139
218
218
218
218
218
204
35
196
216
218
219
218
218
13
153
218
153
218
218
218
218
218
436
218
207
216
227
218
196
131
207
207
216
218
203
91
148
83
83
83
148
148
154
148
155
154
154
94
143
45
45
87
88
155
130
148
83
83
95
89
148
155
10
148
130
155
148
153
148
203
130
130
148
203
95
95
148
148
201
95
95
95
95
83
148
148
450
450
90
450
450
473
477
464
477
510
477
509
477
465
209
466
139
433
474
448
472
474
450
468
509
475
509
473
509
471
471
509
509
473
509
509
472
477
473
509
509
472
509
509
201
509
509
509
509
509
509
465
12
12
20
12
12
30
129
10
10
16
10
10
10
26
10
1
18
233
233
25
10
27
30
10
10
30
203
10
10
10
192
13
24
10
10
31
434
25
10
159
10
10
89
25
10
10
143
10
10
10
10
419
416
395
416
441
441
425
445
422
417
131
441
131
476
159
139
386
424
429
416
429
419
424
416
416
416
59
416
416
421
416
440
416
421
416
416
416
430
421
222
429
441
416
422
416
416
422
222
416
416
441
214
141
141
161
165
141
165
51
141
171
164
141
171
141
162
139
141
189
139
169
170
166
141
165
89
141
141
141
141
141
141
141
141
141
141
141
141
141
141
141
139
141
89
141
436
22
141
141
170
171
170
171
33
33
481
33
36
57
51
33
114
4
55
55
33
33
63
63
56
33
63
48
33
39
39
50
57
33
33
50
50
58
61
33
33
213
203
49
434
49
58
33
52
49
33
49
33
33
50
343
50
50
203
33
238
238
254
224
241
242
241
238
238
253
225
241
225
241
232
237
251
238
232
237
244
255
243
238
238
241
22
241
241
241
241
241
225
241
241
241
123
241
241
232
232
238
238
238
22
225
241
227
236
237
236
218
235
340
347
351
218
351
194
218
342
341
341
218
218
196
196
346
218
218
345
218
129
235
218
218
218
218
218
218
218
218
218
199
203
218
218
218
218
218
218
196
197
218
218
22
338
194
218
218
203
123
76
83
80
76
76
83
83
155
155
77
155
155
155
155
87
87
80
88
87
82
90
90
90
90
90
90
90
83
83
89
90
83
83
82
92
92
92
82
83
95
90
90
90
90
22
83
83
95
95
93
83
129
509
491
468
468
509
509
509
509
503
432
465
439
432
433
433
328
90
90
509
466
509
468
509
385
505
509
509
509
509
385
465
24
509
468
509
509
509
509
90
505
89
509
436
509
465
470
439
439
509
439
10
10
126
12
12
27
27
10
343
120
21
27
10
10
18
10
112
18
10
18
10
129
21
21
21
16
21
21
21
21
23
21
29
21
21
21
27
21
21
233
23
31
29
27
22
21
21
21
21
21
73
395
398
385
398
398
395
398
417
417
411
398
445
417
398
398
422
384
396
398
386
398
398
398
398
398
398
22
398
385
422
385
398
398
398
398
398
22
398
398
396
398
398
418
398
22
399
422
398
24
122
399
128
181
181
181
181
71
165
165
141
163
161
172
141
171
180
189
189
189
179
189
141
180
181
181
181
181
181
181
141
141
141
344
141
344
392
141
170
115
170
171
169
179
141
141
22
115
161
172
161
170
161
344
481
48
62
481
6
51
7
62
58
486
5
62
48
4
63
63
490
48
56
50
56
62
62
58
50
50
50
61
5
48
49
50
431
50
48
22
481
6
6
63
63
385
50
50
50
62
62
7
62
62
7
241
71
254
253
243
254
270
241
241
257
241
253
241
241
244
244
244
237
244
244
257
241
248
199
253
241
241
204
248
248
248
248
29
242
73
243
22
248
236
241
244
244
241
241
22
241
241
241
241
241
85
241
341
341
320
341
491
342
342
343
342
342
342
342
351
342
346
346
332
336
346
346
341
342
342
491
342
22
342
342
342
342
349
342
342
342
342
349
115
342
342
342
342
29
347
109
109
342
341
199
342
381
341
72
83
72
71
66
92
68
75
72
72
72
75
77
65
87
75
68
72
87
90
90
72
71
72
72
72
92
72
72
122
72
92
114
72
74
90
72
72
83
72
72
72
72
22
66
72
155
72
72
72
72
90
90
498
90
71
90
71
508
503
503
503
434
90
90
202
433
504
503
505
433
328
328
90
90
505
505
73
90
505
505
61
511
438
505
510
505
510
509
439
505
505
505
505
505
510
510
439
439
505
505
90
90
20
20
126
20
21
20
118
120
21
124
120
21
21
119
21
21
116
18
124
21
21
124
124
21
21
21
21
199
121
124
124
199
21
124
124
124
124
21
21
18
124
21
21
22
21
343
124
21
21
21
115
398
398
398
398
408
385
258
398
398
411
411
398
398
391
386
398
414
393
398
398
398
390
390
385
390
390
390
398
397
398
398
122
398
398
115
398
398
398
398
386
390
386
398
22
386
398
398
398
431
399
398
218
181
181
185
181
181
181
181
181
164
181
181
189
181
180
181
181
181
511
178
181
410
181
181
181
179
181
365
181
181
181
181
181
499
179
64
167
167
167
167
181
164
181
167
180
410
480
62
278
62
62
62
62
4
62
492
62
490
486
62
494
64
457
494
62
62
484
480
481
62
62
62
62
62
365
62
62
62
62
490
481
115
62
62
62
494
3
62
6
62
62
458
62
62
62
62
62
262
270
253
262
248
97
265
260
97
257
260
248
248
248
248
246
254
248
325
127
248
511
261
248
248
261
261
261
256
248
248
261
261
248
248
389
248
255
248
261
261
248
248
248
248
330
124
352
71
330
378
342
342
342
382
342
97
342
381
109
342
376
109
378
342
342
326
342
406
378
342
342
326
326
326
326
326
348
342
342
324
342
342
342
342
342
324
325
324
342
342
342
342
69
342
342
71
66
366
364
65
65
72
72
68
86
68
68
80
68
64
80
124
72
72
364
72
72
365
72
69
72
72
72
72
72
72
72
72
365
365
72
72
160
160
72
72
72
72
72
72
71
491
302
71
498
503
498
342
97
296
506
506
503
97
505
503
302
328
502
503
507
503
503
511
503
503
497
511
503
297
503
503
503
503
503
503
301
301
503
503
507
503
503
503
497
297
503
511
503
301
503
118
96
118
124
119
119
119
124
112
112
100
112
112
112
124
124
96
118
124
115
118
124
124
119
124
511
124
127
410
124
124
127
124
244
112
511
124
124
124
119
97
124
124
124
124
71
412
390
390
411
391
391
391
244
392
401
414
487
390
414
258
409
391
258
390
390
390
391
390
390
391
391
390
390
390
390
390
390
414
391
431
409
390
410
411
399
390
390
391
390
146
185
185
276
185
181
187
186
70
358
181
181
410
167
186
181
186
167
167
167
277
181
358
185
167
167
185
358
167
167
181
181
167
167
276
97
167
69
167
167
167
279
462
278
315
480
278
278
480
463
492
492
490
459
459
315
459
459
487
453
459
457
459
480
278
482
482
458
460
482
459
459
490
459
459
482
482
482
482
499
482
459
459
459
459
499
482
463
463
482
482
482
482
265
265
285
270
270
265
252
262
262
261
261
256
261
264
154
270
270
257
270
69
270
284
410
270
261
267
256
261
284
257
257
69
261
263
267
270
260
257
69
261
261
261
352
279
352
279
377
352
184
266
266
359
377
377
406
348
333
333
332
377
378
377
354
377
330
348
327
382
377
377
377
377
377
377
327
377
378
377
377
377
406
332
332
348
348
377
378
500
342
348
326
371
377
68
365
360
68
68
361
160
365
68
365
363
410
460
362
365
363
365
365
365
496
360
365
365
367
365
365
367
286
64
160
365
363
365
363
365
65
365
365
365
267
286
503
503
302
498
296
503
290
97
302
97
296
302
302
307
45
302
453
302
302
302
302
503
498
302
303
302
303
503
298
503
303
503
503
302
497
300
302
302
302
267
502
302
69
302
303
460
302
302
69
301
503
503
98
116
106
112
116
100
100
119
119
98
119
410
119
98
119
118
99
99
99
99
106
115
100
99
100
119
119
105
117
117
98
119
98
100
98
98
98
98
119
287
106
401
401
405
400
414
409
453
258
391
391
391
391
391
405
401
401
401
401
401
401
268
390
403
177
390
403
287
405
414
401
401
391
410
401
403
391
403
391
391
401
407
133
358
358
272
279
279
279
167
277
277
358
272
167
167
276
277
167
277
276
276
276
276
276
276
185
272
279
278
278
319
315
459
315
274
454
454
454
454
452
459
459
459
459
452
482
461
461
457
482
482
459
316
463
452
315
315
461
461
315
455
453
459
459
459
460
482
461
315
315
461
482
455
265
265
285
265
265
285
264
284
271
264
264
284
264
271
284
264
286
264
286
265
284
284
452
264
264
264
353
353
353
353
377
380
374
359
359
377
377
353
353
382
404
184
352
369
378
377
377
496
353
353
353
353
353
353
353
377
353
377
353
376
404
377
316
377
377
377
380
377
377
377
377
362
283
356
360
360
365
360
362
362
363
362
362
362
363
286
365
286
286
362
286
361
286
362
286
283
356
290
290
305
290
305
264
307
302
302
300
306
302
302
293
302
290
290
290
309
290
283
302
302
302
302
290
290
292
303
460
286
292
302
302
302
302
302
302
299
292
264
302
288
302
302
450
100
104
106
96
106
106
117
98
98
98
104
98
106
105
105
105
105
105
105
105
105
106
105
106
105
108
401
404
407
405
405
401
401
402
402
401
401
496
403
402
403
460
401
405
405
401
404
405
405
268
405
405
464
272
279
272
279
272
276
273
273
276
276
272
273
319
452
319
274
315
461
313
274
315
315
315
283
314
274
315
315
315
461
370
304
315
314
315
314
315
318
304
453
315
452
304
286
315
312
454
454
319
304
315
371
312
285
285
285
285
284
282
448
282
282
264
284
314
264
359
359
374
359
374
369
359
373
315
373
353
370
314
372
327
369
359
369
359
359
374
359
314
359
375
375
373
374
355
359
353
304
369
370
374
359
359
370
353
369
353
360
360
356
356
360
356
362
362
362
360
362
356
302
302
404
306
309
305
310
305
305
306
290
305
295
311
306
307
307
304
316
304
310
290
314
305
306
292
306
311
302
306
307
304
305
305
307
307
310
290
314
309
311
108
107
107
108
107
107
404
106
98
304
105
104
407
405
400
407
268
407
404
405
404
268
404
405
313
317
309
372
135
42
10
201
192
10
29
218
495
115
69
410
496
460
405
283
273
282
356
108
405
368
375
8
0
10
430
430
429
44
169
136
139
39
38
33
238
225
238
46
196
194
196
83
83
93
468
465
44
466
27
10
28
420
422
422
132
165
171
169
57
50
63
243
236
237
351
351
349
90
93
90
509
439
509
16
209
21
10
398
399
398
211
181
161
179
481
62
484
253
85
248
200
491
381
109
66
72
66
509
506
507
20
120
112
390
399
386
181
480
490
3
260
330
266
333
218
160
503
503
297
218
112
414
133
218
185
185
167
278
463
459
270
270
270
376
380
376
363
365
365
296
289
302
117
119
99
401
177
390
279
148
274
264
359
148
283
302
130
106
405
315
318
319
359
359
359
306
306
306
473
133
477
472
304
374
310
475
473
142
25
25
10
1
10
133
133
416
476
425
222
440
133
142
141
141
141
141
141
34
50
33
33
33
238
237
241
237
238
218
218
218
218
218
83
95
155
95
95
509
509
509
509
509
30
27
27
10
10
428
418
398
416
416
421
46
46
141
141
141
169
141
50
50
33
50
49
58
241
255
241
238
241
46
347
347
351
347
347
72
90
92
82
83
510
505
90
90
510
21
21
21
21
21
397
398
398
396
398
167
189
181
167
178
6
62
481
50
62
248
255
255
248
248
342
342
342
342
342
210
72
72
72
72
72
212
510
505
505
505
505
210
124
124
124
124
124
390
390
390
390
398
213
181
181
167
210
167
181
482
62
482
481
482
270
261
261
261
261
326
348
406
324
348
364
365
363
365
365
503
297
503
503
301
115
119
124
112
119
409
409
390
391
391
186
167
167
482
459
218
482
457
482
202
264
261
270
218
377
378
382
377
377
365
365
362
219
302
303
302
300
298
98
119
100
216
401
403
401
272
452
482
461
452
315
264
353
353
369
353
377
360
290
290
309
293
292
106
405
148
148
148
315
319
315
148
370
373
359
148
307
295
305
449
477
477
272
264
362
107
405
358
264
365
98
401
315
359
310
181
270
365
119
391
315
353
305
136
46
210
207
154
473
10
441
141
33
238
218
155
509
10
416
170
48
241
341
90
90
21
398
181
62
248
342
72
503
124
398
490
378
503
459
377
302
