239
408
509
567
547
616
662
475
423
565
565
545
546
545
546
545
566
566
566
569
516
461
408
408
428
426
445
194
617
263
635
566
566
566
560
516
356
356
365
558
558
558
569
557
558
643
557
558
555
555
558
255
239
506
506
506
514
514
514
569
557
514
559
557
559
514
514
514
264
264
329
330
329
264
411
425
510
506
510
546
506
356
569
557
555
569
321
617
197
321
262
261
411
411
322
321
560
557
411
411
263
652
321
411
411
652
197
194
15
411
411
16
196
662
526
503
411
411
196
177
195
423
426
635
411
255
547
195
316
316
266
269
615
255
411
425
193
193
196
321
16
462
196
545
329
365
557
559
557
557
630
423
413
423
513
261
261
516
558
425
614
613
613
613
614
86
508
615
613
613
194
509
614
613
504
269
410
513
413
197
423
262
262
194
196
613
613
423
462
266
294
613
613
263
504
525
169
194
613
613
462
269
316
508
508
427
613
613
316
475
566
567
567
662
16
613
613
525
548
526
525
505
503
411
250
266
263
503
616
427
424
426
16
262
262
609
246
238
238
609
232
513
427
504
424
197
424
424
617
262
262
504
103
102
87
102
87
86
102
89
86
91
102
83
87
87
91
102
99
102
99
88
99
99
102
99
87
99
91
99
99
99
99
101
99
88
99
101
91
91
99
101
91
91
88
91
99
99
99
87
99
99
99
99
99
99
99
70
69
69
69
68
42
45
44
69
69
43
315
69
69
44
70
70
64
68
45
69
68
68
66
42
68
43
64
616
425
69
68
68
69
64
45
68
41
43
44
69
69
44
66
62
41
41
69
44
69
42
69
66
62
68
68
62
235
199
236
247
247
236
199
199
242
236
199
244
247
199
199
199
199
199
202
240
199
16
425
428
244
244
199
199
199
199
199
199
199
199
202
199
199
199
199
199
199
199
242
199
199
199
199
199
199
199
242
199
199
199
199
199
200
268
227
226
226
224
225
225
229
226
219
226
226
219
226
226
226
226
226
229
226
229
226
226
226
226
225
226
219
226
226
234
226
225
219
219
226
226
226
226
219
225
219
219
219
219
219
226
226
225
225
226
219
233
225
226
219
26
30
22
23
13
23
31
20
40
20
314
314
314
314
20
25
33
23
28
21
21
20
20
22
20
26
21
20
20
20
28
20
20
26
20
20
20
28
20
20
20
20
20
20
20
20
20
20
59
230
20
20
230
20
20
30
20
20
33
411
398
412
407
407
403
314
314
315
314
315
314
398
398
404
399
398
398
398
403
398
381
401
405
403
398
418
398
398
407
399
398
400
398
402
398
398
403
399
398
398
398
405
398
398
404
418
406
406
398
398
412
411
406
403
403
403
403
398
401
398
251
252
252
251
251
252
252
252
252
252
270
252
258
260
189
252
252
252
252
271
252
252
270
256
260
257
252
252
248
252
254
260
258
258
252
252
252
271
252
254
271
257
252
258
252
252
252
252
260
257
252
256
260
252
252
627
650
615
547
525
314
314
622
612
622
609
618
621
609
622
609
627
609
192
192
621
624
609
625
625
625
620
609
609
590
612
608
620
609
609
609
590
612
609
609
624
609
624
609
609
192
621
620
609
609
609
609
609
593
618
609
618
609
609
609
608
503
652
503
321
314
314
547
237
20
113
608
20
231
230
662
652
503
193
321
314
314
177
321
623
252
97
628
110
628
110
228
94
93
94
112
94
110
94
112
628
120
110
96
120
94
110
99
110
99
99
94
110
110
628
110
110
99
94
110
110
110
110
110
628
120
628
94
110
99
110
99
99
99
99
94
94
99
99
99
99
82
82
81
78
81
65
82
73
73
73
73
73
73
73
73
67
73
79
79
73
73
73
73
73
141
73
75
75
193
197
504
195
314
314
547
316
295
73
73
73
73
73
73
73
141
75
73
73
73
73
73
73
73
73
73
73
73
73
78
73
73
73
73
73
198
188
188
188
203
188
190
188
190
190
190
188
190
188
190
188
201
188
188
201
188
188
188
188
208
188
188
183
188
203
188
208
188
188
201
188
188
188
188
188
188
188
74
204
204
188
203
455
455
188
190
74
208
204
204
209
209
209
209
209
209
217
209
209
211
218
209
209
209
209
617
263
425
426
314
314
424
452
425
197
215
209
211
209
217
217
218
209
209
209
212
453
209
209
209
209
209
209
209
209
209
209
218
211
209
212
217
212
209
209
209
218
209
226
211
209
209
211
209
209
10
13
13
13
13
40
13
13
52
52
13
13
52
52
25
13
35
37
40
32
32
13
13
52
37
32
30
32
13
13
19
37
52
30
14
32
13
30
52
52
32
25
14
30
14
13
13
5
5
32
19
14
32
14
14
385
414
414
380
380
341
380
414
414
382
400
382
380
380
380
378
338
382
338
378
380
380
338
338
380
386
380
386
380
338
380
380
380
380
338
338
380
380
380
380
380
380
380
380
380
380
380
414
380
380
380
377
380
377
380
290
282
282
197
291
282
266
291
275
275
275
291
289
285
275
275
290
290
259
287
287
287
291
259
287
287
289
275
287
291
287
287
287
287
287
287
287
248
287
287
287
275
287
287
287
287
291
265
287
266
287
287
287
287
287
287
589
589
591
589
591
593
589
591
589
587
589
589
589
593
589
589
589
589
589
595
589
589
589
593
594
595
589
596
589
589
593
593
589
595
589
594
589
589
589
593
589
595
589
594
587
602
589
593
593
589
594
589
594
593
589
263
427
378
189
1
383
34
611
226
447
424
427
84
34
124
100
124
107
107
107
115
124
100
100
123
123
100
107
100
124
124
100
121
123
100
124
124
100
117
100
115
124
124
124
107
100
100
100
124
100
100
124
100
100
100
100
100
100
100
100
124
99
99
100
100
100
100
110
106
140
135
140
71
125
125
139
139
125
138
138
139
125
125
125
73
73
71
125
125
73
140
134
125
134
142
73
134
303
304
304
304
73
134
125
134
125
73
134
144
73
63
71
71
125
73
71
71
73
125
125
71
135
125
125
71
134
134
71
183
362
362
362
362
170
180
175
172
172
170
170
170
168
327
170
175
171
170
173
176
304
304
304
304
304
304
168
171
170
170
168
168
109
168
170
168
170
168
168
168
170
170
170
170
168
327
327
109
168
168
362
176
170
170
170
168
109
168
168
109
221
221
221
221
221
443
454
454
456
221
454
459
221
221
221
451
221
221
221
451
221
221
221
221
443
221
213
451
221
221
221
221
221
221
443
221
440
221
221
221
221
221
221
451
221
221
454
451
221
221
221
221
221
221
221
7
57
57
57
2
3
9
18
9
57
508
426
193
426
304
304
7
9
57
57
15
7
7
57
57
57
5
57
12
57
57
57
15
210
57
7
57
57
57
57
7
12
57
57
57
57
57
57
5
5
60
57
57
57
5
57
5
5
5
39
5
393
395
393
396
395
395
509
635
426
428
304
304
630
338
338
338
338
393
338
338
338
388
390
338
338
341
388
388
338
338
338
338
388
390
394
338
338
338
384
388
338
338
338
394
338
338
338
338
338
338
394
338
338
338
338
384
388
338
338
338
174
338
274
277
281
15
193
630
616
304
304
475
423
286
286
277
310
310
277
277
310
310
310
277
310
274
285
277
277
279
310
310
310
277
286
310
310
288
310
310
310
310
272
310
310
310
310
310
310
277
310
310
288
310
310
288
288
277
277
277
272
288
288
288
288
599
606
606
606
597
605
607
606
603
602
602
606
605
606
603
606
599
606
605
606
294
606
592
592
606
592
603
606
606
599
605
606
603
606
606
606
603
606
294
606
603
294
606
294
606
606
606
667
606
606
606
606
606
606
606
196
651
509
425
304
304
316
428
428
12
310
376
460
273
116
221
167
195
136
136
124
151
151
137
151
151
148
154
154
154
148
121
422
422
154
148
422
148
148
148
148
148
155
149
149
148
148
148
148
149
148
148
153
153
148
148
149
155
617
169
167
452
304
304
426
525
525
615
422
149
148
148
422
153
149
148
148
148
132
148
148
155
155
148
148
148
155
128
128
129
129
134
134
131
131
129
129
130
130
129
129
129
129
126
134
134
129
130
134
126
134
127
129
129
126
129
134
134
134
126
129
134
134
134
129
129
134
129
129
126
126
134
134
134
127
127
130
129
134
134
134
134
353
178
187
178
179
373
373
187
178
185
179
374
182
168
185
179
179
179
181
179
179
184
179
168
168
179
168
168
168
184
184
353
168
168
168
182
180
168
184
184
179
179
179
168
184
168
168
179
187
179
373
179
179
184
184
184
179
449
444
470
470
444
470
470
449
470
470
470
447
470
470
441
321
449
444
444
444
470
221
470
435
435
435
446
223
470
447
470
439
470
470
221
221
470
221
447
221
223
441
221
438
440
440
438
450
439
470
441
458
470
470
470
221
46
61
58
60
48
61
48
48
48
61
48
48
56
58
57
58
15
392
60
48
48
48
48
48
60
48
111
48
111
60
48
48
48
48
48
111
60
111
48
48
48
48
48
48
392
60
111
48
48
48
60
48
48
60
60
111
48
339
340
337
335
335
335
428
509
335
335
337
335
342
335
336
336
342
339
339
335
336
342
335
340
335
335
335
335
338
338
335
335
335
335
335
335
397
397
340
335
335
335
335
338
338
338
338
335
335
335
335
335
397
335
344
397
338
302
306
276
276
298
452
526
525
276
276
288
276
306
308
308
306
276
311
311
308
276
276
308
312
308
308
276
276
308
312
308
47
278
276
276
278
278
278
310
313
278
276
276
311
278
308
308
313
313
278
313
276
278
312
278
288
313
313
313
47
600
669
661
669
657
669
668
651
669
669
669
669
669
663
669
669
663
669
669
664
660
669
669
669
667
668
667
669
669
669
669
669
668
664
669
665
664
660
669
669
669
669
669
669
669
669
669
669
669
668
668
669
669
669
668
669
669
323
322
322
323
392
114
105
497
111
601
437
445
428
424
323
322
322
322
322
322
148
295
165
165
164
552
161
165
137
158
165
165
164
148
165
161
164
148
163
165
161
137
148
163
148
165
165
163
161
148
148
148
165
159
159
148
159
159
148
148
133
133
494
645
502
500
495
495
495
494
498
495
495
500
498
133
490
494
645
495
495
485
434
499
500
495
502
500
508
197
197
195
322
322
133
434
499
502
495
485
434
500
499
499
500
500
495
495
473
500
473
500
499
645
500
495
495
500
500
500
500
541
364
364
375
374
374
374
638
372
364
364
166
525
509
428
504
322
322
526
372
181
372
364
372
364
364
186
374
372
372
364
166
166
166
374
372
374
364
364
186
364
372
372
186
374
420
420
420
420
439
563
429
439
421
439
429
429
439
439
439
194
195
196
509
322
322
509
196
439
433
420
439
439
470
439
439
439
438
436
439
439
439
439
439
439
432
439
439
439
439
439
439
432
432
439
439
439
439
439
439
439
439
439
439
439
439
439
439
46
46
48
46
50
46
50
50
46
50
49
50
46
50
49
50
55
46
50
50
49
50
50
46
50
50
646
50
55
50
46
50
50
646
50
50
50
50
352
354
542
354
542
542
169
195
427
617
322
322
193
195
197
354
354
346
343
346
343
346
346
346
535
352
352
351
346
346
354
354
354
351
355
346
351
351
354
351
351
346
344
544
351
344
354
354
351
346
346
354
346
351
354
348
348
348
346
355
351
351
351
351
332
293
328
297
297
297
302
301
298
298
301
298
302
297
309
297
297
309
298
301
297
297
298
298
298
295
295
297
298
298
298
297
301
297
297
288
297
297
636
508
196
526
427
322
322
425
426
425
427
652
651
656
650
656
632
656
652
666
656
656
659
660
656
656
629
666
655
656
656
659
655
666
666
656
656
659
631
655
652
651
656
656
631
631
655
631
133
430
542
648
439
474
474
653
148
156
156
156
156
156
162
156
156
159
148
319
320
156
156
159
159
159
552
156
159
159
148
158
487
484
487
576
487
484
484
482
482
578
501
582
487
485
501
482
485
487
487
578
487
578
578
487
487
501
501
501
501
501
487
487
501
578
578
501
434
487
578
487
501
501
488
485
434
501
434
487
487
578
501
578
578
434
501
434
434
366
367
367
320
320
327
367
369
370
369
369
369
369
369
638
369
369
366
370
541
369
369
369
469
469
464
464
464
464
464
479
464
472
476
466
464
476
464
464
478
319
29
194
480
479
480
464
477
478
464
469
464
464
464
464
469
464
469
464
464
464
464
469
477
464
464
464
464
464
464
477
477
464
464
464
464
464
464
464
477
477
477
477
644
649
649
326
326
326
326
326
326
326
326
326
649
326
326
326
647
649
326
326
326
527
519
529
519
530
529
519
529
319
29
428
197
550
519
529
529
529
540
529
349
529
519
519
519
543
538
519
349
538
349
544
349
349
519
349
538
349
349
349
349
519
349
529
519
529
349
540
540
519
349
349
550
550
529
349
529
349
519
349
349
349
29
29
193
194
661
324
325
325
324
325
317
324
325
325
300
324
157
300
328
317
324
157
328
328
328
328
510
633
510
510
658
510
510
629
510
629
510
510
636
658
658
510
510
636
658
658
510
29
29
615
194
195
167
649
531
359
637
490
106
439
262
262
262
262
29
29
615
615
617
504
321
524
472
548
554
554
554
554
158
545
554
554
158
391
568
29
29
505
424
508
503
508
513
582
576
576
575
578
586
576
571
585
586
576
582
582
573
576
582
579
582
582
576
582
585
575
582
585
576
582
579
575
575
573
585
576
582
585
575
575
575
359
29
29
504
504
616
635
635
630
503
360
327
356
327
360
327
581
373
373
327
373
562
463
468
466
466
463
466
478
469
469
469
469
469
469
469
556
469
469
363
469
478
467
469
469
478
363
478
467
469
469
469
469
469
469
469
469
556
469
29
29
508
508
194
630
630
263
504
269
642
505
505
506
642
505
8
506
642
642
642
647
520
527
523
519
527
519
532
532
519
530
519
532
519
514
519
532
519
519
514
345
532
519
519
519
532
532
532
519
521
532
519
514
345
532
536
536
533
533
334
334
328
333
334
334
334
328
333
334
329
334
409
409
633
633
633
512
633
633
633
512
633
633
633
511
551
512
358
469
583
514
331
262
262
262
262
262
262
409
409
571
571
545
545
568
546
409
409
503
570
483
483
483
571
571
572
571
571
571
571
571
572
572
571
571
575
571
571
571
575
571
580
409
409
549
196
580
356
356
564
564
409
409
525
616
428
561
561
564
564
562
564
564
561
469
561
556
469
469
469
564
564
469
564
564
561
507
642
507
506
409
409
194
630
452
427
515
345
518
523
523
523
345
345
345
520
345
523
523
345
345
523
518
559
520
523
345
523
409
409
451
424
427
424
426
330
330
330
330
409
409
195
193
526
513
447
445
511
512
512
510
573
522
356
517
565
517
331
545
356
411
506
329
510
546
356
506
545
365
515
613
411
245
250
314
237
113
220
378
1
189
304
12
376
596
132
322
105
114
133
292
430
29
649
359
531
262
409
551
358
512
573
356
522
546
545
545
546
545
573
483
570
566
566
566
566
557
549
567
569
571
549
549
570
566
566
575
566
356
356
356
356
356
356
558
558
270
555
469
643
583
558
560
562
469
565
643
564
555
569
558
555
555
507
506
507
506
506
515
518
515
514
517
559
559
559
560
559
557
559
559
506
559
569
557
557
514
266
329
329
330
330
330
511
510
511
512
510
189
627
609
620
44
103
102
102
97
102
102
102
102
404
83
112
83
83
245
83
31
94
91
31
91
31
92
99
102
102
92
92
99
99
238
99
99
99
99
99
99
99
99
99
99
99
102
91
99
99
99
87
99
87
99
99
44
44
73
411
44
69
44
42
42
65
42
65
65
42
31
142
41
31
41
31
62
62
610
62
417
62
68
66
610
66
68
68
42
68
68
68
68
68
68
41
31
41
62
41
20
69
62
62
41
38
41
411
199
203
199
199
199
199
199
113
268
199
113
199
113
243
327
250
243
199
31
199
199
199
199
38
20
199
199
199
199
199
199
38
20
199
252
38
235
199
20
199
199
240
20
199
113
199
199
38
199
226
226
218
226
237
226
237
226
249
211
225
249
225
249
31
217
250
219
250
31
226
237
226
227
226
226
226
226
238
226
226
226
38
20
233
219
232
233
226
220
219
219
219
219
89
249
89
89
226
233
13
13
20
20
20
20
20
20
2
20
267
20
20
20
20
32
45
20
20
20
20
29
29
610
20
246
22
20
24
20
230
20
20
20
20
20
20
20
230
20
20
20
20
417
20
245
230
238
230
609
36
239
414
411
237
411
411
266
113
341
191
113
191
113
418
31
380
303
31
250
31
406
406
406
406
406
398
398
191
24
191
191
191
25
191
38
191
25
191
303
31
24
230
417
20
406
406
238
406
246
412
237
248
252
252
252
252
266
113
266
266
252
267
267
189
31
275
189
31
189
31
411
252
252
252
252
252
252
252
252
256
252
231
252
252
259
252
232
252
252
252
271
230
252
258
260
252
238
260
252
252
411
237
589
411
590
411
237
609
593
613
613
609
609
192
31
595
192
31
192
31
609
609
609
609
609
240
609
608
609
608
609
609
609
609
609
609
609
609
609
609
609
608
609
609
609
609
609
609
609
609
97
102
124
97
103
628
99
113
87
105
113
83
113
99
91
628
115
31
72
99
99
99
99
99
99
99
84
102
102
628
99
99
99
102
99
99
99
99
99
93
112
96
93
99
99
99
628
228
99
99
228
73
69
63
81
69
68
68
41
69
135
41
41
41
1
73
73
142
73
189
73
142
44
44
68
68
68
73
73
73
44
44
141
141
623
73
41
34
73
62
44
73
73
73
73
73
42
73
68
78
41
41
198
199
175
203
199
235
202
268
268
373
113
207
268
208
190
188
327
190
72
31
241
74
74
268
383
202
202
202
611
200
188
207
188
202
202
202
241
268
202
31
241
200
204
234
204
74
242
74
188
455
34
237
89
221
89
89
237
89
225
225
563
226
442
225
226
220
219
213
218
72
219
219
237
89
214
89
89
84
226
226
226
226
249
226
226
233
218
34
226
84
217
219
226
217
217
34
442
442
226
226
226
34
237
13
13
237
33
35
20
38
38
2
2
38
230
230
20
20
15
25
33
20
32
10
13
59
20
20
20
36
20
20
52
59
52
22
35
20
34
36
30
33
25
30
20
20
34
5
5
230
20
20
191
237
378
396
381
378
406
378
403
191
341
113
1
113
191
203
418
380
380
380
413
380
402
10
118
118
383
380
34
406
400
398
418
405
118
405
386
118
405
623
385
380
380
377
383
380
34
113
191
230
226
623
403
252
252
285
291
252
252
291
266
266
277
266
266
252
252
275
189
310
275
189
252
289
265
253
253
252
265
253
252
253
230
252
252
252
252
253
252
252
252
252
287
189
252
252
252
34
283
283
252
252
265
252
589
589
599
589
589
609
589
609
609
605
593
609
593
609
595
608
607
587
620
608
595
594
589
589
589
619
589
608
593
608
593
593
611
619
588
192
588
609
609
620
620
608
608
608
34
113
224
590
590
224
619
242
110
110
124
124
124
124
124
99
99
151
94
107
99
99
100
100
154
94
94
628
628
110
110
110
124
110
124
628
110
94
94
99
99
110
110
34
110
628
99
94
110
110
110
110
110
99
99
100
99
119
110
141
73
128
73
73
73
73
135
135
645
78
78
78
73
138
138
129
189
72
138
145
67
73
141
141
73
76
73
73
73
73
73
73
243
73
67
73
73
79
73
138
73
76
141
76
73
135
135
135
135
76
116
175
175
187
175
175
175
175
170
170
373
1
171
74
455
327
327
327
327
327
172
327
170
109
188
183
74
109
168
168
188
168
168
109
168
168
74
136
168
170
190
168
95
109
109
168
109
109
188
109
34
109
214
209
450
221
221
453
211
209
209
439
456
221
221
226
72
213
441
213
459
215
221
454
221
221
451
221
451
221
221
221
118
211
442
221
221
221
221
84
442
222
451
222
221
211
222
209
221
221
221
221
136
13
33
392
13
12
52
12
3
8
57
8
8
5
2
15
15
15
15
15
210
18
13
12
52
52
39
5
5
14
5
5
14
5
34
273
25
12
5
14
5
5
19
460
34
5
39
0
3
3
84
30
378
338
340
378
174
338
338
341
341
340
341
341
384
377
380
380
342
380
380
388
380
338
414
383
338
338
377
381
338
338
384
383
338
34
118
34
380
34
136
338
338
338
338
34
338
338
338
338
338
415
136
248
291
276
248
248
292
292
1
266
311
277
283
287
288
310
310
310
275
310
310
310
248
12
310
116
310
280
288
287
288
275
288
288
34
136
310
279
288
254
310
275
310
283
310
310
283
266
288
287
288
310
589
589
600
589
589
600
589
593
661
651
593
605
593
593
189
589
603
595
294
72
310
589
600
241
600
34
593
606
294
294
294
294
596
588
589
606
606
34
136
294
294
294
294
34
294
607
606
611
606
606
136
87
124
124
165
108
108
12
392
107
105
148
105
148
148
159
154
154
154
154
216
154
154
148
148
148
148
110
148
117
150
148
150
148
148
148
148
148
148
110
295
148
148
148
148
148
665
148
105
148
148
155
148
12
44
133
12
125
12
44
135
134
645
134
134
134
134
129
129
495
129
129
73
145
134
134
134
134
126
130
73
126
73
126
108
601
63
134
125
73
136
134
138
142
134
437
136
134
485
134
73
134
134
125
12
95
12
95
12
95
357
373
373
375
373
373
376
105
327
327
327
327
168
185
374
184
175
168
168
168
168
234
168
183
327
181
180
109
173
111
168
168
168
168
168
170
183
168
168
183
184
184
176
109
168
168
450
221
436
447
447
221
450
221
221
563
470
470
221
221
188
446
439
221
446
459
114
12
221
221
221
221
221
221
221
223
221
221
437
221
221
221
295
221
221
221
221
221
437
221
221
221
221
221
437
221
221
12
132
392
392
12
392
46
57
57
8
57
57
5
326
56
15
646
15
111
15
15
57
60
210
60
210
53
60
60
60
60
60
39
111
111
210
111
60
60
56
15
60
60
273
60
60
60
60
60
60
53
338
338
354
396
396
338
338
335
384
542
335
335
338
340
442
342
342
346
388
388
216
342
396
396
338
338
174
338
460
448
397
338
397
397
338
338
338
338
344
389
388
415
338
448
273
174
338
341
338
397
338
338
276
276
276
276
276
281
276
277
277
311
0
278
288
293
310
310
301
310
308
288
308
313
280
308
310
310
310
313
307
288
310
288
288
47
274
310
310
136
279
313
114
288
308
310
389
0
278
310
288
307
278
597
597
600
600
669
669
652
605
606
605
105
606
606
651
216
603
656
669
663
669
669
669
599
669
669
669
669
669
669
294
294
606
606
669
294
669
669
294
606
669
669
669
437
669
665
605
606
294
668
660
606
250
108
165
156
108
108
164
148
161
161
148
148
161
121
121
121
148
148
150
148
148
148
148
148
147
148
148
422
148
148
148
166
148
148
121
161
148
161
161
161
159
148
148
159
148
148
133
133
487
133
434
133
133
645
645
501
500
500
645
134
129
495
488
129
495
498
495
126
129
448
473
134
126
485
485
437
485
134
474
485
485
485
497
485
134
499
131
497
485
134
473
134
134
500
500
134
473
364
353
364
179
375
373
373
373
373
373
186
179
179
168
168
372
372
168
372
168
168
184
372
372
372
373
186
144
184
374
184
184
184
374
374
168
372
168
374
373
186
361
361
168
361
447
342
479
470
470
470
470
563
563
563
563
563
470
470
439
439
478
439
439
439
439
439
433
439
648
439
439
439
439
437
470
437
470
439
439
439
439
470
470
439
439
439
439
439
439
439
439
470
439
439
439
46
54
392
54
48
48
48
326
15
50
644
50
50
18
646
392
392
601
55
111
46
51
60
50
50
8
474
50
50
60
50
111
326
48
15
55
648
50
50
50
326
55
474
300
50
354
354
537
119
133
344
344
347
347
543
105
542
347
542
307
346
540
342
342
346
430
119
340
338
338
111
335
344
344
338
344
344
344
344
344
338
338
344
391
346
346
344
338
295
346
335
335
338
338
351
351
276
276
276
276
297
542
297
293
301
301
324
114
295
47
47
276
276
248
248
248
248
54
248
308
308
278
278
144
248
308
308
295
278
47
47
298
248
295
297
278
297
297
297
278
293
652
600
652
652
651
650
660
657
656
656
634
669
669
669
669
119
133
668
668
669
669
660
669
669
669
437
669
669
666
666
669
669
660
669
669
655
655
669
669
651
651
660
474
669
669
13
164
164
554
156
156
159
159
159
548
159
162
148
160
474
106
161
106
106
106
158
148
106
160
162
160
106
554
121
160
106
159
160
162
158
106
106
106
106
148
552
391
133
645
578
133
487
487
487
500
645
645
501
500
500
575
485
485
430
495
485
485
488
461
434
434
434
434
499
474
487
491
491
500
483
434
490
501
495
500
499
501
501
434
434
434
434
645
461
434
434
645
434
364
373
359
364
364
364
364
369
367
369
366
369
369
327
38
327
357
327
374
327
327
327
327
357
327
327
327
327
541
367
374
186
638
367
372
581
369
359
369
370
370
369
436
420
436
436
439
439
469
563
563
466
563
563
563
470
439
439
430
531
439
439
478
469
469
439
480
439
480
475
439
439
439
439
475
470
475
439
433
106
524
439
439
439
439
439
439
563
563
471
439
439
439
50
644
642
326
326
50
326
649
649
649
326
50
50
8
648
637
326
326
326
8
326
326
326
50
50
326
649
506
646
646
50
50
50
644
647
48
647
647
647
8
647
537
354
537
354
519
529
519
542
542
542
542
543
354
518
25
346
344
345
346
346
540
540
519
529
343
157
351
337
535
535
349
349
349
349
519
349
346
355
349
536
346
346
354
344
535
351
542
542
474
157
349
524
324
324
333
324
324
248
248
157
317
332
325
317
332
334
248
157
474
325
248
157
333
298
248
305
328
248
248
334
309
531
298
298
148
157
328
328
298
157
298
328
328
656
476
634
656
656
631
631
629
629
636
629
653
629
633
657
657
657
658
658
657
510
653
629
658
658
631
658
511
658
658
629
637
629
629
629
651
474
632
632
629
633
94
156
106
545
554
554
106
106
553
158
106
554
548
548
568
106
158
158
158
158
158
159
159
528
147
552
147
487
551
573
586
578
578
487
359
358
576
576
578
488
578
578
582
582
157
461
421
434
157
491
485
485
582
582
421
579
485
582
582
434
579
488
501
331
501
501
578
358
501
501
575
501
359
359
580
360
373
359
369
369
327
327
327
370
581
541
327
581
638
360
571
360
358
327
514
327
327
356
469
468
468
469
471
463
564
464
358
359
358
458
478
466
469
479
469
469
469
469
469
465
469
469
469
469
464
469
469
465
469
472
469
469
469
469
469
469
469
467
469
464
469
363
469
326
326
507
644
642
642
326
326
326
640
326
8
8
640
326
641
640
8
641
641
644
641
642
51
7
506
519
519
519
530
359
534
345
358
540
345
345
345
345
345
345
529
519
519
535
519
519
519
519
534
540
519
514
519
345
345
345
524
521
532
532
534
532
349
345
345
533
519
349
349
349
411
334
333
333
334
324
317
305
329
333
274
157
157
157
332
332
274
334
328
328
329
334
333
333
305
334
330
634
634
511
634
634
633
633
633
633
633
633
510
651
633
633
633
633
633
633
633
633
658
510
510
629
658
406
548
545
554
554
553
554
548
545
546
158
147
568
582
573
483
573
483
573
566
551
483
575
483
582
483
571
571
571
331
575
575
549
571
483
571
571
575
571
566
483
571
483
331
483
483
566
576
575
331
483
575
575
566
360
356
373
356
580
327
418
356
356
580
356
580
356
358
564
564
466
469
363
558
469
562
561
561
469
469
558
469
469
469
517
556
469
555
469
469
469
565
565
577
562
478
458
469
469
556
465
643
556
577
556
469
469
556
507
642
507
507
642
642
642
642
506
647
528
528
345
345
345
522
345
519
514
519
519
514
517
345
345
559
519
519
345
345
345
517
345
519
565
345
345
345
345
557
345
522
519
519
345
345
345
523
514
345
345
345
559
330
329
512
329
330
333
330
330
333
517
583
334
633
633
633
633
511
511
512
512
512
512
512
511
569
557
557
559
24
25
231
20
215
34
280
136
437
144
51
106
637
421
331
331
546
580
642
330
511
517
565
248
260
258
622
609
192
73
110
228
94
44
78
73
198
208
190
65
214
442
217
13
5
25
378
414
44
380
291
288
275
589
593
608
102
124
99
628
73
135
138
175
362
327
454
456
222
7
3
60
338
384
388
274
199
277
288
600
593
603
207
149
105
154
130
134
130
184
373
182
241
444
563
446
392
326
56
344
347
342
276
288
311
669
668
669
165
487
645
495
373
420
563
439
227
50
535
542
346
249
295
656
87
219
156
160
148
487
645
485
370
327
327
469
472
478
644
326
8
519
542
540
324
325
328
633
657
658
553
22
573
373
577
30
642
532
33
334
633
573
571
575
564
469
556
518
345
518
406
91
403
418
567
558
514
402
403
99
252
252
271
310
252
99
99
590
593
609
608
609
628
99
110
99
96
110
99
141
79
73
76
141
202
183
74
204
455
453
212
211
218
226
35
32
14
30
37
338
383
377
415
385
253
265
287
310
283
68
600
594
619
587
593
66
62
124
117
110
100
107
134
71
41
145
73
134
183
109
173
168
168
68
221
451
451
221
221
12
5
39
210
60
174
338
390
394
384
281
288
272
310
288
669
294
606
294
606
148
155
148
153
148
126
485
134
73
134
168
184
184
168
361
447
223
221
221
470
235
60
60
53
111
111
240
389
338
344
338
397
202
310
313
278
47
278
668
668
669
669
660
200
164
159
148
268
148
160
434
500
473
485
500
372
372
166
374
186
470
439
439
439
470
49
55
50
50
8
544
355
351
344
351
298
298
298
309
288
629
631
655
669
660
159
159
548
487
461
237
434
501
501
226
369
369
369
233
469
480
477
475
471
647
649
326
219
519
535
521
349
349
157
317
328
225
660
629
658
548
582
585
579
575
576
360
469
469
363
478
556
641
519
519
345
532
514
334
658
20
59
230
567
575
575
20
561
469
577
230
523
520
345
401
406
405
554
360
642
329
633
162
367
326
305
510
571
564
559
161
364
50
297
666
582
556
534
102
69
199
226
20
398
252
609
628
73
188
209
52
380
287
589
100
125
170
221
57
338
310
606
422
129
179
470
48
335
308
669
499
439
354
578
464
529
