140
140
140
140
140
140
140
141
384
384
384
390
390
391
390
140
505
387
335
259
328
335
140
432
390
437
470
386
435
386
386
140
284
280
511
501
205
280
332
140
386
386
386
386
386
386
391
386
439
439
439
140
407
194
207
406
195
207
194
109
141
471
471
471
141
109
111
117
207
119
207
119
119
222
140
437
438
437
140
205
501
401
389
407
401
407
504
501
389
140
385
384
385
390
390
385
260
502
222
407
27
27
140
223
109
106
207
328
259
280
503
501
400
407
140
439
390
436
471
405
400
405
405
400
400
405
405
405
400
400
400
439
385
437
471
401
400
328
401
400
511
26
26
406
401
401
406
406
401
401
401
406
406
406
48
51
209
11
35
53
56
56
401
106
407
407
388
328
26
26
53
52
35
5
35
39
39
52
388
505
223
328
351
260
351
26
26
499
499
501
281
259
407
111
106
26
26
61
57
61
59
58
58
50
61
58
57
50
50
57
96
59
49
49
57
59
50
114
107
281
109
281
105
256
350
194
105
26
26
50
50
59
56
59
50
59
61
61
57
59
61
59
45
59
56
59
61
59
59
114
49
59
59
50
114
56
59
59
59
49
59
122
59
59
59
57
59
59
59
49
59
59
59
59
59
59
57
59
49
112
59
112
56
59
59
59
59
59
57
59
59
49
49
49
59
59
59
49
49
210
210
220
220
212
220
216
216
216
216
214
216
218
219
216
198
210
216
216
216
216
210
210
216
208
212
208
198
216
209
216
218
216
214
216
208
216
216
216
219
217
216
213
217
216
213
214
217
216
216
214
216
216
216
214
210
216
216
219
209
216
216
216
210
216
216
216
216
218
216
216
216
216
208
216
217
216
209
259
222
205
42
42
194
222
223
286
223
27
26
216
209
216
216
216
216
208
208
216
216
214
216
218
36
32
36
46
46
32
41
3
41
46
38
3
41
41
47
48
137
46
46
48
47
46
46
46
43
46
46
48
46
37
38
46
38
129
38
38
46
37
41
32
46
41
46
37
46
46
46
137
46
46
129
46
46
46
46
47
38
41
43
46
129
47
46
46
137
47
38
47
32
46
32
47
32
46
46
46
46
46
46
46
32
43
46
46
46
46
38
46
46
46
46
7
11
8
8
11
8
11
11
8
11
195
351
109
109
105
351
262
505
259
195
504
26
26
16
54
11
11
11
11
12
11
29
11
11
11
12
11
6
11
11
29
12
12
11
10
16
54
11
7
11
11
11
11
6
11
11
11
11
11
10
11
10
11
11
11
11
11
11
11
11
8
11
11
11
11
11
11
11
11
11
12
11
11
10
11
11
11
11
11
22
11
11
11
11
11
11
11
11
11
11
11
11
11
29
136
132
136
132
138
131
136
131
134
134
131
131
138
131
138
143
143
134
131
138
138
131
142
131
131
131
131
152
131
142
134
134
131
132
131
131
131
40
131
152
130
138
130
152
152
131
132
131
134
131
131
131
131
131
130
142
142
131
131
138
159
131
130
131
159
131
142
131
131
152
131
131
131
131
131
131
130
159
132
131
130
134
159
159
131
131
131
131
130
152
131
48
0
9
222
34
42
44
11
55
44
152
13
133
133
221
44
133
62
62
62
62
62
62
116
118
33
62
118
118
62
62
62
62
62
113
113
62
113
62
116
62
62
62
149
62
62
62
62
121
62
62
62
113
62
62
62
62
62
62
62
62
62
62
62
62
62
62
110
62
62
62
101
281
351
62
102
62
62
102
102
62
62
62
102
101
62
62
62
62
62
102
62
62
121
33
62
62
62
62
62
101
101
102
62
62
121
62
62
62
62
200
203
201
200
89
200
201
201
202
201
200
202
197
202
200
89
89
201
198
198
200
117
119
119
198
200
201
200
200
200
198
200
203
197
200
201
203
200
200
200
255
197
199
200
200
200
196
89
200
196
200
200
200
200
200
200
200
200
200
201
200
200
200
200
200
200
200
200
200
200
200
200
243
200
200
200
200
200
200
200
200
200
200
201
200
200
200
198
200
200
201
200
200
200
94
84
84
64
64
84
82
82
85
85
83
47
85
85
83
87
87
87
81
85
85
85
85
85
85
85
86
80
85
85
94
85
47
47
85
85
85
64
85
80
86
85
80
86
86
85
85
86
85
85
85
81
81
85
85
85
85
85
85
83
83
73
85
85
83
83
85
85
85
85
83
83
85
85
85
85
85
85
281
31
30
30
31
85
86
85
85
83
85
81
80
85
85
85
85
85
19
20
17
2
17
17
22
20
17
17
17
17
2
22
17
14
19
17
20
14
14
17
17
17
22
17
17
20
17
19
19
165
17
17
17
17
31
31
31
30
31
31
18
17
18
23
165
22
17
17
165
18
17
17
17
17
18
17
17
17
17
17
19
2
2
17
17
17
17
20
17
17
17
20
17
2
17
17
17
17
20
17
18
17
18
18
22
22
22
17
17
18
19
17
17
17
17
155
154
148
148
155
155
155
63
148
155
155
156
155
156
156
155
155
154
144
155
144
145
63
40
155
145
155
158
155
155
63
155
156
155
145
144
155
155
180
128
156
155
155
155
155
155
155
154
155
155
155
155
145
155
155
63
155
155
155
155
155
155
155
155
155
155
155
63
155
155
156
155
155
155
155
155
155
155
63
63
155
155
144
155
155
155
155
155
155
155
155
105
281
286
109
31
31
4
62
211
106
17
387
505
501
351
31
31
111
124
75
21
125
125
75
17
127
29
124
125
97
110
97
97
120
103
97
97
123
97
104
97
97
97
97
100
104
97
97
100
283
97
104
97
97
100
100
97
104
97
120
120
97
97
100
97
97
97
97
120
97
97
283
97
123
97
97
123
120
97
97
283
97
104
123
104
97
123
97
97
97
283
97
104
97
97
104
104
123
97
123
97
100
283
123
97
97
123
100
97
97
97
97
123
100
283
97
100
123
123
123
388
407
385
387
31
31
217
388
255
254
192
192
204
192
254
254
204
240
254
246
240
192
233
192
254
192
192
233
251
192
241
241
192
192
241
192
254
241
192
192
192
246
192
250
254
192
250
192
192
192
192
251
192
192
241
241
250
240
192
192
250
192
192
335
504
511
117
31
31
511
501
351
240
240
192
192
192
240
251
192
192
250
192
192
192
192
242
240
192
192
192
192
192
250
192
254
250
192
242
192
192
192
192
192
241
192
251
192
72
92
88
88
88
92
95
88
88
92
88
88
92
95
88
88
88
88
88
88
88
281
406
109
107
31
31
511
504
286
284
206
206
88
88
92
88
88
88
88
88
88
88
88
88
88
320
88
88
88
88
88
88
88
88
88
88
88
88
90
88
206
90
88
88
88
88
88
92
88
92
73
88
88
88
72
77
77
92
88
88
88
206
88
88
88
88
88
77
88
92
88
88
88
206
88
88
88
88
88
88
187
184
164
187
187
184
187
163
187
1
160
164
184
187
187
162
160
187
162
171
171
160
161
166
161
1
162
161
187
163
184
166
187
171
162
187
160
187
187
187
1
187
187
187
187
160
187
187
184
187
187
187
187
187
187
160
160
187
187
187
187
187
187
1
1
187
187
187
187
187
187
187
187
187
187
187
187
187
281
281
256
281
31
31
350
504
351
351
351
162
160
162
184
187
187
187
187
187
187
187
187
162
182
179
183
180
183
182
183
179
176
179
183
157
176
180
157
179
179
180
153
157
180
183
180
180
153
180
180
153
180
180
180
180
180
157
180
180
183
183
179
180
180
180
180
180
180
180
183
180
180
180
180
180
181
180
180
180
183
180
180
180
157
153
180
180
180
180
179
180
180
180
180
157
180
181
180
180
180
180
179
180
176
180
153
157
153
180
180
180
180
157
180
147
284
286
497
389
31
31
502
499
502
499
505
286
66
178
180
215
150
78
191
151
150
193
193
191
150
150
151
99
271
277
253
253
271
287
271
98
253
99
287
271
103
98
271
273
253
253
287
275
271
275
253
271
98
271
271
272
272
273
272
98
277
271
275
328
400
402
335
31
31
387
389
260
335
350
284
387
277
272
272
277
277
277
277
275
277
272
99
271
253
98
253
271
271
272
277
287
271
271
271
271
271
287
271
271
99
271
271
271
271
253
287
277
271
271
274
99
253
271
271
99
103
271
287
277
271
271
271
272
253
274
274
244
235
235
238
232
232
237
237
237
232
237
237
232
232
237
244
244
232
232
232
232
232
252
232
238
232
232
232
232
232
235
252
237
232
232
232
236
232
252
238
232
237
232
232
232
235
235
235
238
235
237
232
236
235
232
244
244
232
237
235
237
232
232
237
232
232
232
232
232
232
237
232
232
232
232
232
252
232
244
252
232
232
237
235
232
232
232
232
235
232
232
95
70
76
66
76
71
66
76
71
76
76
66
79
76
76
76
76
71
79
76
67
71
76
71
67
90
76
76
66
76
79
95
76
95
71
67
95
95
76
76
90
95
76
71
95
95
95
76
76
90
321
321
76
95
95
222
76
95
95
95
90
95
95
65
95
321
95
95
70
71
70
76
90
79
71
321
79
95
79
76
95
79
76
76
67
67
76
95
95
95
95
95
305
316
305
168
316
168
170
305
168
305
172
170
173
168
305
305
174
168
168
305
169
169
169
168
169
305
168
305
305
316
170
172
305
174
305
305
172
172
173
174
174
305
305
305
172
305
305
305
305
174
169
174
305
305
305
172
172
305
168
173
305
169
169
305
305
305
173
172
168
168
305
305
305
305
305
305
169
305
316
172
168
305
305
173
305
305
169
305
305
173
305
354
278
360
502
510
278
353
360
353
362
365
278
365
362
362
362
362
362
358
362
362
365
362
354
358
278
362
362
249
364
362
354
360
354
362
354
362
364
371
354
362
360
371
362
364
249
362
353
362
362
362
371
362
362
362
362
362
362
362
362
362
362
365
362
364
362
362
362
360
371
362
371
360
360
249
362
371
362
362
362
117
402
205
281
505
362
362
362
364
362
362
362
362
362
362
371
362
360
279
287
278
282
285
188
285
74
68
188
251
322
284
68
276
276
99
258
99
51
51
51
51
266
266
261
263
266
99
263
263
99
270
258
99
258
258
258
264
258
99
258
258
258
261
263
258
258
266
266
258
258
265
99
258
258
99
258
258
258
99
267
99
264
258
266
99
264
267
263
99
258
267
264
267
258
258
258
258
263
263
258
267
258
258
258
270
300
265
258
265
263
258
263
258
267
264
258
51
51
51
28
51
51
258
258
258
264
258
258
258
258
258
267
258
258
264
234
231
231
231
231
231
226
231
231
225
231
231
231
231
225
231
231
230
231
225
230
224
231
231
230
231
230
231
231
234
228
231
225
231
231
231
231
228
228
231
228
231
231
231
231
231
231
350
231
231
231
229
231
234
231
231
234
231
228
231
226
226
229
225
231
228
234
231
228
350
231
231
231
231
231
231
231
231
231
231
231
229
231
229
231
231
231
229
231
231
229
324
330
324
324
330
324
324
324
324
330
388
388
222
387
51
51
325
325
324
323
334
325
324
324
323
324
326
324
325
326
326
323
326
326
324
325
324
331
324
324
326
326
324
324
331
323
324
69
326
324
324
334
323
324
333
324
324
324
334
324
323
325
325
324
324
324
324
334
337
324
324
334
325
324
324
330
333
324
324
326
330
324
334
323
324
325
324
324
324
324
323
326
324
334
324
324
324
207
205
207
207
28
51
194
304
311
316
310
304
311
316
304
304
312
316
304
507
304
304
316
304
312
304
318
304
304
304
308
304
314
318
318
304
304
304
310
304
304
304
308
318
304
304
304
318
175
304
318
304
304
316
304
304
304
304
304
304
304
304
304
304
304
304
304
304
304
314
308
304
175
310
316
304
304
175
304
304
304
304
489
304
304
304
318
314
304
318
304
318
304
304
304
304
304
304
370
363
363
366
363
370
366
366
363
375
374
366
373
374
366
366
357
363
375
366
366
511
387
504
389
51
28
195
205
366
357
370
363
366
370
370
370
370
370
370
374
370
370
370
368
368
370
370
370
370
370
370
370
373
370
370
370
370
373
357
368
370
370
370
373
375
370
370
370
370
370
370
370
370
370
370
370
370
375
375
370
370
370
375
375
370
370
370
370
370
370
373
370
370
370
370
370
370
370
385
109
335
223
51
51
402
111
223
262
227
328
231
340
370
340
269
504
222
207
106
194
223
195
51
51
119
119
223
117
340
372
313
457
340
340
256
372
296
296
296
290
296
296
296
296
296
298
296
288
296
296
298
296
302
299
296
296
261
260
299
260
299
296
296
299
299
302
299
296
296
296
296
296
296
296
260
296
296
296
296
296
298
296
296
296
296
296
296
296
296
297
260
296
298
298
298
296
296
296
296
296
302
298
296
296
296
296
296
296
296
296
296
296
296
296
297
297
296
296
296
296
296
297
297
260
260
296
300
296
297
296
458
450
456
458
455
109
286
280
401
51
51
401
109
194
222
207
458
458
456
456
458
459
456
461
450
450
478
450
231
450
448
459
450
456
450
458
458
453
450
450
450
450
458
460
459
459
450
450
450
453
450
450
459
459
450
450
459
450
460
450
450
450
459
450
450
453
453
450
450
450
450
459
450
450
450
453
450
450
450
450
459
458
450
459
450
450
453
450
450
450
450
459
458
450
450
450
450
450
450
450
450
450
450
450
450
416
336
336
345
345
345
345
336
345
343
345
417
345
345
336
336
345
339
345
345
345
339
339
421
336
345
339
339
339
339
339
345
345
345
345
336
345
345
345
205
505
407
280
51
51
280
109
510
407
117
117
345
336
343
343
345
341
345
344
342
345
336
345
343
341
336
341
341
345
345
345
345
345
345
345
336
345
345
336
345
341
345
345
345
345
345
345
345
345
345
345
416
345
342
336
416
345
345
341
339
339
341
345
339
341
341
508
498
498
508
484
498
508
508
508
508
496
496
508
508
508
507
496
508
503
508
508
508
508
508
500
508
509
508
508
508
508
498
508
508
508
498
496
503
508
498
508
508
509
508
508
508
503
508
498
498
508
508
508
508
508
508
508
508
508
508
508
509
508
508
500
500
508
508
508
498
498
508
507
496
496
508
508
507
508
507
507
503
508
508
508
508
496
508
503
503
508
508
508
503
408
109
223
222
223
51
51
222
223
216
194
117
286
194
366
380
379
411
366
366
379
379
379
329
359
380
379
379
329
329
379
381
380
380
380
380
413
413
383
359
377
383
383
383
378
378
377
380
381
380
379
379
381
379
379
359
379
383
379
379
379
383
379
381
379
379
383
379
379
379
379
379
380
379
359
379
329
379
382
379
329
383
379
381
379
379
379
379
379
379
380
381
380
329
379
379
379
379
379
379
379
379
379
379
379
377
379
376
492
508
260
289
369
348
303
423
369
289
409
303
369
307
369
25
25
294
295
290
290
288
288
290
425
294
294
295
288
446
292
294
290
288
295
294
292
295
288
294
295
292
319
295
295
294
295
295
295
288
290
288
295
295
288
295
294
295
295
295
291
295
295
295
288
292
319
319
295
295
295
319
294
288
291
473
477
455
467
450
464
450
450
450
25
25
477
450
462
462
477
450
450
450
450
450
450
450
476
476
450
450
450
467
450
450
450
450
450
450
450
450
450
450
450
450
477
450
450
477
476
450
450
450
450
450
450
450
450
450
462
462
450
478
450
431
422
24
24
119
428
416
428
417
428
431
424
416
421
417
427
422
416
416
416
421
416
416
416
418
416
344
416
343
416
428
421
416
416
416
422
416
417
421
417
416
416
422
422
422
416
416
422
428
416
416
424
416
416
416
421
424
416
416
416
424
480
490
484
492
490
490
490
492
490
491
492
490
481
490
480
480
490
494
25
25
389
332
490
494
495
494
490
490
490
492
492
490
490
490
490
490
491
492
490
490
490
490
490
490
491
492
492
490
490
491
491
490
490
490
494
494
490
480
494
494
490
490
398
408
411
398
415
24
25
205
259
351
413
415
398
412
411
413
415
398
408
398
398
411
412
408
408
413
398
398
398
408
412
398
412
398
398
398
398
410
412
412
398
412
411
411
410
410
398
411
410
412
398
415
412
408
410
412
411
410
411
398
410
411
412
293
414
447
502
472
25
25
392
388
119
256
315
472
403
315
315
472
472
398
444
315
426
444
25
25
501
286
259
328
119
442
442
295
295
441
441
295
441
442
442
442
295
441
441
442
442
290
444
444
441
442
446
446
441
444
295
445
464
464
464
474
464
464
464
464
475
464
26
26
26
26
25
25
407
195
351
281
407
388
464
464
464
475
475
464
464
474
474
475
474
464
464
465
464
475
464
474
429
25
25
389
350
389
501
107
510
205
429
429
424
427
424
427
424
431
427
431
431
422
427
431
429
422
431
427
422
431
422
429
424
427
427
424
431
25
25
117
222
504
400
388
389
387
351
486
484
480
486
486
480
481
486
480
483
486
486
480
486
486
481
484
486
484
486
484
481
484
481
483
486
481
484
396
398
385
25
25
259
280
195
502
387
387
387
387
400
396
398
411
398
398
396
385
398
398
396
385
398
398
398
398
396
396
396
398
398
398
398
398
398
398
442
482
429
427
465
425
440
443
399
425
446
399
474
25
25
281
256
259
280
505
501
502
504
284
504
469
425
445
432
432
432
434
434
433
435
434
434
434
434
435
25
25
505
387
387
223
281
505
335
400
387
259
259
464
470
464
468
468
464
468
468
466
464
464
468
431
430
430
386
430
431
430
436
26
26
26
26
26
51
436
436
430
436
485
388
487
487
487
487
487
487
487
485
384
487
486
394
394
394
390
394
391
397
391
394
391
385
393
497
350
433
394
438
464
388
504
501
392
389
392
392
436
389
392
392
392
435
434
389
439
439
439
435
222
205
106
207
471
401
402
407
256
117
470
470
471
438
436
436
438
140
140
140
140
140
140
384
432
437
390
470
439
471
437
385
391
439
436
390
471
439
48
437
385
471
209
51
49
48
9
0
34
31
4
211
110
106
147
178
66
180
279
278
287
282
51
262
328
227
231
376
363
492
260
25
293
447
414
382
26
442
429
482
427
433
438
394
464
140
384
485
384
392
487
487
390
394
391
394
391
391
391
391
386
394
391
393
439
439
439
435
435
470
470
470
471
470
438
436
437
438
438
385
485
384
384
390
391
391
390
390
391
50
50
50
62
50
50
50
48
59
59
62
57
59
209
59
59
62
59
59
59
59
49
34
113
49
34
50
49
35
59
53
221
61
59
59
59
59
122
56
59
35
59
53
59
59
59
52
61
52
221
59
55
59
44
26
0
56
59
52
59
59
59
59
34
59
133
39
44
210
210
89
210
217
210
210
218
218
197
216
216
216
216
216
201
214
214
214
214
216
216
198
49
34
49
34
48
216
35
210
39
221
216
216
216
55
216
216
216
13
216
44
52
213
212
216
39
216
214
31
216
216
39
216
216
218
216
216
53
209
50
216
34
35
133
52
221
38
38
64
38
46
48
46
32
32
80
32
32
32
32
129
47
51
129
41
0
46
46
81
41
48
46
34
46
46
46
46
39
46
46
46
46
55
46
11
35
13
53
46
46
46
53
46
52
45
51
41
46
46
52
152
46
46
35
46
52
44
41
143
35
46
39
46
25
19
11
11
11
12
8
8
2
8
8
8
22
11
11
171
11
11
11
11
11
34
20
11
11
20
11
25
11
35
11
53
44
11
11
5
11
11
11
5
13
53
11
52
10
52
3
11
6
11
11
5
54
11
11
209
10
11
11
52
133
11
11
5
13
52
11
131
48
155
142
138
48
48
131
131
128
131
131
131
9
131
0
156
131
0
159
159
131
145
131
152
131
131
35
131
53
44
131
138
35
13
131
131
56
131
5
13
53
131
53
152
53
133
39
131
210
159
133
52
159
131
131
35
131
53
130
131
152
131
131
131
131
39
133
121
50
104
48
50
121
59
59
59
120
33
57
59
59
0
59
102
0
62
149
149
34
113
283
62
116
113
106
62
45
59
126
59
121
61
62
62
62
62
127
62
62
44
125
44
125
133
125
62
62
218
59
62
59
59
59
124
122
112
59
127
44
56
62
62
59
59
59
101
217
89
192
89
4
89
89
218
216
204
200
200
216
216
201
214
237
201
201
214
216
198
198
241
200
208
200
198
210
210
200
217
217
89
210
210
42
200
200
200
200
200
200
196
44
200
133
200
217
209
214
200
133
217
44
200
9
200
214
127
200
125
200
200
200
200
133
200
46
46
77
36
64
64
46
32
80
92
85
85
80
46
108
108
92
129
85
46
46
48
106
206
81
80
80
80
85
85
85
85
85
85
85
85
85
17
32
85
85
85
85
158
44
85
44
85
85
85
83
85
46
41
41
46
85
85
85
127
85
125
214
34
106
13
46
80
46
11
11
160
11
11
11
11
22
8
184
2
17
11
2
11
16
171
0
11
11
23
11
11
162
17
17
20
11
17
17
11
75
10
11
17
7
11
17
11
21
19
17
17
17
11
19
17
125
19
29
17
22
55
17
11
7
8
11
11
127
17
7
34
17
11
17
17
124
132
132
183
48
155
131
131
131
131
179
131
128
131
131
131
138
157
155
155
159
131
131
145
181
145
131
131
145
63
4
13
130
155
155
132
130
159
155
130
126
152
155
130
158
155
155
155
155
130
155
155
138
155
130
155
155
155
155
130
131
152
125
34
40
155
126
155
155
198
104
62
99
97
97
104
62
120
62
277
33
178
120
178
62
62
98
62
62
62
62
100
100
275
113
62
62
62
62
62
62
104
62
62
97
97
97
191
127
191
62
62
121
150
125
102
125
96
124
97
62
62
62
62
62
62
123
178
127
62
62
151
106
62
62
62
124
62
89
147
244
89
89
200
200
204
200
238
211
204
211
200
201
201
237
201
201
200
200
251
200
232
198
251
200
200
89
89
200
200
200
200
192
192
192
215
75
192
127
193
192
192
125
150
243
200
200
246
240
192
200
215
200
200
211
199
200
200
200
242
192
192
199
200
200
201
85
91
66
77
88
94
85
80
85
71
91
178
92
178
47
85
90
108
83
85
85
106
73
71
106
88
85
85
88
64
75
78
85
151
75
85
88
88
85
78
88
320
85
150
88
85
125
151
90
88
47
88
86
190
320
85
80
88
86
88
125
85
82
88
85
85
85
85
19
147
316
4
160
164
20
17
184
168
187
178
184
178
17
66
305
23
66
17
17
17
18
168
20
17
17
17
19
187
17
215
124
150
75
187
21
190
21
191
187
187
29
20
187
187
125
151
125
187
187
187
17
1
17
17
187
178
187
187
125
18
187
187
75
17
125
17
179
155
358
180
183
155
155
180
180
278
128
128
155
155
157
155
365
157
157
155
155
155
153
249
145
181
155
177
180
180
75
155
155
179
75
180
155
180
180
180
180
180
180
150
180
150
180
151
180
180
156
180
155
190
125
180
180
180
127
180
125
151
180
180
155
155
155
155
97
273
266
104
279
273
273
97
278
258
253
277
178
278
97
287
99
287
97
287
123
97
275
263
271
282
97
282
97
97
273
285
151
273
97
285
253
285
123
123
100
97
97
97
99
188
150
276
253
276
97
277
97
285
97
188
120
97
97
97
150
123
271
277
271
97
150
276
192
192
234
182
192
192
241
192
192
350
232
232
192
192
237
240
225
237
234
237
192
251
241
230
236
232
251
241
232
232
192
192
192
192
192
285
237
192
192
242
193
251
150
188
150
276
192
276
192
192
246
233
192
285
150
188
192
232
192
192
192
188
232
232
243
251
241
192
66
76
325
47
88
77
88
88
178
71
323
71
71
178
65
66
88
69
76
90
66
88
88
282
337
71
282
88
88
95
95
88
88
88
68
78
88
88
322
95
88
90
88
88
68
76
88
88
68
88
88
95
92
72
74
88
276
91
278
95
88
90
68
76
282
88
88
88
68
187
172
316
187
187
187
187
173
168
312
168
184
187
187
187
187
507
305
169
1
1
162
282
318
162
162
187
166
160
174
187
187
172
187
215
187
187
163
187
187
187
187
150
187
305
276
187
188
187
187
305
305
187
74
150
188
173
184
187
187
151
188
305
282
187
187
150
187
147
179
366
362
358
180
180
180
278
363
32
278
180
367
180
365
365
374
365
157
365
180
177
249
357
181
282
180
153
183
354
180
180
180
180
362
362
362
74
180
74
362
362
179
189
362
188
371
188
362
177
362
157
193
74
150
180
180
180
180
367
151
188
57
362
362
180
180
180
362
279
266
296
279
262
272
266
253
261
291
129
258
271
253
261
99
98
298
99
99
99
99
275
275
260
282
258
271
271
279
262
285
268
99
99
267
99
285
99
99
269
271
99
267
99
188
99
258
99
267
256
258
258
285
99
276
99
253
258
258
269
276
258
258
258
284
258
258
258
234
262
458
235
262
231
252
231
224
459
231
231
65
231
225
237
231
225
227
237
227
232
232
453
232
230
235
230
255
231
239
232
188
352
231
340
231
457
231
340
231
313
188
231
188
257
231
231
236
235
231
231
231
231
188
231
231
238
231
231
276
231
231
231
237
313
231
372
95
95
336
325
262
95
262
331
328
343
79
323
95
330
90
90
336
46
69
90
95
95
326
71
339
326
326
282
67
324
262
324
340
324
321
95
95
322
95
324
321
322
76
95
95
95
95
68
324
324
323
76
324
74
321
334
95
324
324
95
76
95
95
324
71
326
95
321
95
171
171
498
310
262
172
310
312
305
509
304
304
305
173
311
305
496
304
304
305
305
305
305
508
318
318
282
306
304
310
285
310
305
340
285
304
173
269
304
304
304
304
304
304
188
352
189
372
304
318
304
175
285
304
188
352
507
168
304
304
304
372
304
304
239
305
189
340
362
362
366
366
366
362
362
278
360
359
278
370
360
362
287
374
380
362
374
362
362
357
362
413
370
364
362
362
358
358
362
362
371
362
370
313
362
269
370
370
239
268
370
370
362
370
367
370
370
370
362
362
322
362
276
257
370
278
375
362
362
362
370
370
362
362
276
362
262
495
294
296
296
296
296
258
258
258
291
264
508
291
99
99
298
298
263
258
288
306
258
299
299
267
260
295
296
300
296
463
296
296
296
348
296
303
269
303
258
409
296
297
296
369
372
296
258
258
302
338
296
296
296
296
296
261
269
348
296
296
296
299
296
267
299
296
458
458
262
458
458
228
477
224
456
350
231
231
231
450
231
231
227
225
227
338
467
453
453
462
231
450
231
231
262
450
231
231
231
231
450
454
450
450
231
231
229
450
454
450
257
450
231
231
450
450
227
450
269
231
231
347
231
456
268
460
231
231
230
450
231
231
231
346
324
376
324
336
324
324
428
328
323
343
333
330
324
324
334
69
336
345
324
334
417
339
339
337
337
339
323
424
324
376
340
324
324
324
313
289
269
349
269
303
324
349
324
369
345
347
372
346
340
342
345
345
345
334
334
369
330
345
345
348
345
346
345
337
324
324
324
324
498
376
262
498
304
489
480
304
312
328
508
304
497
491
507
496
492
508
507
175
304
318
318
306
508
231
260
486
489
310
304
304
489
498
310
310
457
508
269
348
304
508
489
508
508
175
340
508
508
508
508
507
508
508
508
347
312
508
304
348
489
304
314
314
304
304
318
304
366
376
262
381
370
370
408
370
370
379
359
370
370
415
227
373
415
332
379
366
380
382
370
379
383
370
370
412
379
378
313
370
370
370
370
348
379
379
370
348
370
370
370
369
366
369
372
369
256
370
366
329
370
409
370
370
380
379
370
348
370
369
379
379
370
370
370
369
11
296
296
442
294
296
292
296
291
291
291
447
288
288
288
288
319
319
296
296
292
296
296
292
296
296
289
296
295
295
296
296
409
452
270
296
369
295
319
294
307
295
288
404
288
296
288
315
295
291
295
472
295
295
299
299
298
295
295
295
477
477
477
477
455
455
455
447
448
448
461
478
462
450
464
8
260
450
450
450
450
477
450
450
450
450
450
450
463
450
348
450
450
450
450
450
450
450
450
450
450
450
450
450
450
450
467
477
456
447
348
450
450
450
462
450
349
450
450
450
344
336
345
293
345
345
429
343
416
345
345
345
428
418
417
418
339
421
421
376
293
345
345
423
345
428
416
345
345
348
345
416
428
416
416
416
416
416
416
416
416
338
417
345
345
341
345
416
447
348
345
416
416
416
416
345
345
345
404
495
498
508
493
363
447
491
447
508
508
481
490
490
492
508
486
490
493
508
490
498
480
508
423
480
11
490
490
463
508
348
490
490
490
490
490
508
315
490
490
307
426
490
496
508
508
508
508
490
492
348
508
423
508
490
490
508
508
508
508
376
293
379
379
359
359
415
415
415
379
398
329
415
379
379
379
413
379
413
398
412
379
472
379
379
379
408
379
379
410
379
289
379
408
379
369
379
379
379
379
379
410
414
379
379
410
379
410
410
379
379
379
379
412
502
379
472
379
379
20
293
292
432
294
292
442
442
293
292
295
446
295
445
444
446
443
295
403
440
295
446
433
443
441
443
288
295
444
444
445
432
288
288
443
295
295
425
433
295
442
441
295
290
445
442
319
442
452
446
295
445
435
450
450
464
462
462
450
450
465
477
473
473
473
469
468
474
450
450
450
477
475
452
462
464
475
475
475
425
450
475
450
454
466
49
464
467
450
475
450
425
434
450
473
474
474
455
455
468
464
464
474
450
450
469
424
429
429
429
429
447
437
424
431
416
446
416
399
430
472
427
416
416
427
431
416
427
430
422
425
315
425
416
445
416
445
436
431
431
416
431
422
425
430
447
416
416
437
426
399
427
427
422
446
416
445
386
484
482
384
484
482
481
484
480
486
483
480
315
483
487
483
486
483
483
403
491
483
483
487
486
425
486
425
315
445
444
486
486
492
484
472
443
490
486
486
486
484
490
490
445
384
493
486
481
399
444
469
487
414
482
394
414
482
414
412
293
398
398
398
411
425
393
472
396
396
396
398
396
398
410
385
398
399
396
396
398
396
398
469
391
413
482
398
398
398
396
415
411
472
398
398
399
393
398
413
398
446
398
404
397
432
433
439
432
433
432
432
432
433
446
392
425
443
433
435
392
435
445
434
434
295
446
435
435
435
434
435
389
432
434
464
464
466
464
474
464
464
465
464
464
464
474
468
464
464
468
473
464
464
455
474
468
434
466
473
464
464
469
434
471
429
429
438
429
437
386
437
440
430
399
392
440
430
431
392
430
430
430
430
430
389
445
430
142
429
437
431
431
445
436
438
384
485
485
481
485
482
485
487
487
443
392
487
392
481
481
469
486
425
389
445
436
481
481
482
394
486
485
485
389
384
395
394
391
398
394
398
394
446
393
393
393
393
393
393
397
393
393
393
393
393
393
393
397
398
395
399
395
398
398
390
134
432
432
432
432
434
433
432
435
433
434
435
434
138
470
470
464
470
466
471
470
464
468
471
468
434
386
438
438
438
438
438
437
436
430
392
430
436
131
485
485
485
384
384
384
394
439
470
436
390
131
49
121
33
102
62
89
201
201
200
85
85
83
80
20
22
22
17
63
155
155
144
210
104
123
97
100
254
242
240
218
251
88
88
95
88
50
187
187
1
162
216
179
180
157
153
208
273
253
287
271
235
232
237
232
95
79
90
67
172
173
173
169
354
360
362
364
99
261
263
258
234
231
225
229
324
330
334
326
38
310
507
175
314
366
375
366
366
32
296
261
302
299
41
450
450
461
450
336
345
345
339
48
498
507
508
503
380
380
329
379
59
292
462
416
486
413
12
293
443
441
295
474
465
475
474
22
437
428
431
427
484
486
486
486
11
398
385
398
398
432
29
470
431
485
394
59
132
131
159
386
386
405
400
401
406
35
53
42
44
127
125
193
96
322
276
340
256
409
369
398
315
443
425
392
389
138
131
152
152
61
59
62
62
62
62
201
200
200
56
200
85
85
85
86
59
19
17
17
18
155
155
180
155
97
123
97
97
250
246
192
192
88
88
88
90
187
187
187
187
180
180
180
180
272
99
253
99
217
252
237
235
236
95
95
321
76
174
169
305
214
305
362
362
371
362
216
99
217
99
264
267
231
231
231
231
324
334
323
323
489
304
304
318
370
373
370
370
296
298
296
297
450
450
459
450
345
345
345
341
508
508
508
508
46
381
379
379
383
294
288
295
319
47
450
450
450
450
422
46
428
416
416
490
490
492
494
41
398
411
408
411
444
464
430
486
396
434
7
464
430
486
11
393
10
11
434
464
386
486
391
130
131
59
59
62
101
200
200
85
85
17
17
155
155
123
123
192
241
88
88
187
187
180
180
277
271
232
235
216
209
95
95
305
305
362
362
258
258
228
231
324
324
304
304
370
370
296
296
450
450
345
416
508
508
379
379
46
46
295
295
477
450
422
416
490
490
410
412
442
445
464
464
431
422
483
486
398
411
11
11
295
473
424
486
398
295
450
416
490
398
59
216
46
11
131
62
200
85
17
155
97
192
88
187
180
271
232
76
305
362
258
231
324
304
370
296
456
345
508
379
