61
61
59
58
61
59
62
46
63
60
46
60
63
61
61
59
63
63
46
60
61
59
62
63
61
61
59
58
60
60
59
58
61
63
60
61
61
62
62
62
62
62
63
63
63
62
63
63
63
63
63
63
63
62
63
63
63
60
60
60
60
60
60
61
61
61
60
46
60
63
42
52
18
32
38
35
39
37
34
43
40
40
56
56
44
57
32
37
37
36
40
56
57
59
45
8
42
44
18
8
42
35
47
32
32
32
32
37
62
56
47
37
40
40
46
40
57
58
59
59
58
32
46
40
47
62
42
44
47
34
42
44
47
32
36
56
38
40
56
44
57
45
34
46
44
47
42
32
18
32
37
37
37
36
40
40
40
57
59
57
58
42
35
18
32
36
44
47
36
34
43
18
34
56
44
58
57
37
36
37
40
57
32
37
36
32
37
57
32
57
57
37
45
45
45
45
45
46
34
47
37
45
34
46
46
46
45
37
46
47
44
45
47
47
47
47
45
34
46
37
47
34
36
34
34
34
42
43
36
44
42
44
44
36
18
44
18
34
56
58
36
32
37
40
57
42
56
40
57
34
43
44
47
58
1
1
23
22
1
51
16
23
20
16
30
28
30
31
28
25
55
26
27
26
51
50
52
50
53
22
21
33
33
33
16
35
28
31
28
55
41
27
41
52
52
54
53
12
14
15
3
12
11
8
49
10
9
22
22
22
17
19
33
17
21
19
28
38
35
35
28
55
55
43
41
43
53
54
53
52
53
22
16
39
26
52
11
8
49
10
9
11
8
49
3
9
22
21
16
51
33
17
31
30
30
39
55
43
55
26
50
53
54
53
12
54
15
13
31
22
1
22
22
33
33
19
21
16
28
35
35
39
28
26
55
41
41
26
52
54
52
52
53
8
49
10
9
11
9
19
18
19
11
38
30
39
49
11
8
9
9
8
11
8
49
35
49
17
13
10
51
17
26
53
17
33
17
17
17
17
17
17
26
17
35
55
53
51
53
17
12
12
13
31
12
54
15
13
13
54
15
15
13
31
13
13
13
13
13
13
31
13
15
13
31
12
54
15
13
31
11
11
10
11
11
38
8
10
9
8
49
8
10
9
49
10
10
10
10
10
11
9
9
10
9
11
8
49
10
9
22
19
28
41
52
22
16
28
41
52
11
8
49
10
9
49
7
7
5
14
25
25
6
0
7
5
4
3
20
21
23
20
29
23
4
25
27
25
6
50
6
7
14
15
3
12
14
15
14
15
7
7
7
7
5
5
5
5
4
4
4
4
25
25
25
25
6
6
6
6
2
3
12
7
16
4
24
48
0
0
29
24
48
5
2
14
5
7
7
7
7
4
5
5
7
5
25
4
7
5
4
6
7
5
4
6
3
2
2
2
2
2
2
2
2
2
2
2
14
14
14
0
14
0
2
25
6
5
4
0
61
59
37
36
62
36
36
36
59
58
59
58
58
59
62
47
46
59
38
55
54
38
43
56
8
43
41
18
56
41
33
49
35
52
39
21
38
38
19
35
39
41
38
54
33
56
18
39
38
54
42
56
52
35
33
19
21
19
33
19
21
33
19
19
19
19
21
18
18
18
19
33
17
18
38
39
38
38
39
35
39
35
39
36
35
39
43
41
8
34
43
43
41
41
41
55
43
40
54
52
54
56
52
53
52
56
53
57
53
57
12
42
26
18
38
44
39
54
42
9
54
49
44
21
29
25
22
21
28
24
20
29
28
30
48
3
23
30
27
6
20
48
50
31
24
1
1
43
48
23
30
50
20
31
27
51
51
21
1
16
48
23
30
23
20
20
27
29
25
29
28
24
28
3
23
50
31
20
27
21
25
51
24
24
24
26
16
48
27
20
4
51
51
25
50
31
24
48
48
48
23
23
50
1
1
20
1
1
3
22
1
1
3
23
0
22
1
3
0
1
0
0
0
21
23
20
0
21
51
20
16
23
16
23
51
20
16
20
0
16
0
16
33
29
30
4
29
31
30
30
29
30
30
4
29
30
31
4
29
29
28
29
29
24
43
25
25
24
24
55
26
25
24
27
26
55
24
27
27
26
24
26
26
6
48
50
51
51
48
50
50
51
48
50
48
6
50
48
6
6
50
53
50
14
15
3
12
21
15
3
12
11
14
3
12
12
14
15
12
2
14
15
3
