8
0
8
8
8
8
8
9
8
8
8
8
9
8
8
8
8
8
8
4
9
9
9
9
9
9
9
9
9
9
9
13
13
13
9
9
9
13
13
13
13
13
13
13
13
13
13
13
13
12
12
12
13
12
12
3
12
14
12
12
1
1
12
1
12
12
1
12
15
12
12
15
15
15
12
15
15
3
3
14
15
14
15
15
3
3
3
3
3
3
0
0
0
0
4
4
4
4
6
6
6
6
10
10
10
10
5
5
5
5
2
2
2
2
7
7
7
7
15
14
14
14
0
0
0
0
6
6
6
6
4
4
4
4
7
7
7
7
10
10
10
10
0
0
0
0
6
6
6
6
10
10
10
10
5
0
0
0
14
14
14
14
11
11
11
11
11
11
11
11
11
11
11
11
5
5
5
5
2
2
4
2
14
14
14
3
3
3
3
3
5
2
2
4
1
1
1
3
15
14
14
12
1
1
1
1
5
5
5
5
15
10
15
15
15
11
14
15
11
11
5
5
6
6
6
6
4
4
4
4
2
2
2
2
7
7
7
7
10
10
10
3
1
1
1
1
1
2
2
2
7
7
7
7
