70
159
250
78
168
78
162
78
55
19
19
34
34
23
19
23
19
230
19
102
192
19
34
19
19
19
164
116
19
34
23
33
23
172
172
167
162
167
78
78
78
172
55
55
55
39
55
204
204
204
204
206
148
148
127
127
159
159
173
124
124
138
138
134
62
62
60
144
83
134
83
215
83
91
81
135
81
156
119
81
37
37
37
37
37
254
119
37
151
151
156
24
156
155
156
156
24
156
156
156
159
159
206
206
206
147
147
236
136
239
149
136
136
136
144
139
139
139
145
145
144
139
139
145
145
218
124
60
144
60
60
39
134
39
155
39
107
93
91
133
91
88
91
226
62
62
62
218
62
107
61
61
60
60
121
121
121
121
121
254
121
119
89
127
89
135
128
5
5
69
69
69
92
5
177
5
5
5
4
5
97
99
97
194
5
47
47
47
128
128
128
115
91
83
46
46
46
46
38
82
46
82
82
32
46
46
46
33
46
138
133
138
138
102
93
138
138
138
218
56
88
46
46
46
46
208
61
202
61
61
119
94
79
79
79
133
133
53
53
114
93
87
128
87
87
99
91
133
111
133
133
135
128
124
128
128
134
79
79
90
93
90
90
90
205
85
205
205
200
207
207
207
207
254
126
207
207
207
202
140
140
119
119
252
119
10
159
10
10
10
6
219
6
6
4
7
193
7
4
6
4
211
4
4
4
0
0
0
0
0
0
0
6
6
6
6
6
7
7
7
7
7
204
204
7
0
0
0
0
0
0
0
204
204
0
0
6
0
7
7
6
7
7
7
147
146
10
10
10
87
47
87
87
135
53
114
53
53
132
87
87
87
53
53
36
36
36
36
111
36
158
36
36
36
33
96
36
36
36
36
135
135
135
82
135
82
82
117
83
134
134
81
81
81
81
20
20
20
156
20
20
20
20
146
20
21
21
21
206
206
206
102
206
241
206
206
206
193
206
226
226
226
230
226
194
86
86
86
254
117
86
4
206
173
173
173
91
167
91
91
152
91
159
159
159
251
251
251
100
251
158
251
214
251
152
251
250
250
250
218
124
149
63
63
63
63
63
92
119
63
61
61
166
166
181
114
181
181
181
181
181
132
132
81
108
172
108
108
183
117
108
158
251
251
251
251
73
152
73
73
158
206
204
204
204
167
167
167
52
52
54
54
54
54
140
140
140
140
135
140
88
47
81
95
95
81
81
140
140
140
135
140
95
102
83
204
204
45
45
45
45
45
100
126
45
104
119
104
104
202
143
107
143
143
133
110
104
110
143
110
47
47
122
127
122
122
122
158
158
166
251
166
85
85
85
202
207
107
207
207
134
207
106
207
85
91
85
85
132
90
111
90
205
104
205
93
93
135
135
135
151
151
82
158
82
82
82
152
116
131
179
200
179
179
177
147
167
147
249
150
147
220
220
220
177
214
167
150
167
96
167
193
131
131
253
253
253
48
48
48
48
48
15
15
15
124
15
163
168
163
163
163
158
134
158
116
83
158
47
134
47
47
127
47
48
48
48
48
248
106
48
48
52
52
15
171
171
171
126
14
161
14
168
14
141
170
141
141
152
126
141
141
141
141
249
165
211
165
165
177
104
171
169
171
171
161
171
171
171
156
171
74
74
74
156
74
35
34
35
229
35
116
35
35
35
33
33
74
74
74
74
88
214
166
166
166
152
117
166
133
168
133
170
133
179
124
179
179
179
179
91
133
91
115
91
91
91
91
91
161
158
74
75
74
224
74
161
126
214
158
201
158
126
104
158
134
168
134
162
134
8
248
8
8
8
248
8
248
248
248
99
208
48
48
48
48
238
110
116
110
110
110
15
116
170
116
254
116
38
96
38
202
38
106
133
106
161
106
93
143
38
143
143
143
127
175
102
175
175
176
175
175
175
178
175
178
119
178
150
178
178
111
178
178
182
178
178
178
178
112
8
24
24
24
24
152
96
24
24
152
124
24
171
168
171
162
171
12
12
104
12
12
181
12
181
124
193
181
219
219
219
240
219
37
126
37
37
37
66
66
66
37
214
12
12
12
85
12
188
186
188
230
188
192
56
141
56
230
192
56
56
185
56
230
56
192
189
185
189
229
189
189
56
185
56
229
56
192
245
245
245
248
245
114
208
66
37
66
218
115
66
19
19
19
23
97
97
177
177
177
177
201
5
5
20
20
20
20
162
190
127
190
190
190
101
24
101
101
152
125
3
3
3
3
56
106
19
185
19
19
56
123
26
26
26
56
88
26
138
184
138
138
56
111
56
159
56
56
99
56
97
97
97
145
145
223
223
223
223
223
219
147
219
219
219
65
240
65
65
192
65
65
65
64
107
65
65
65
65
64
115
191
190
190
191
185
191
84
84
84
215
84
241
191
191
191
191
191
84
84
84
186
85
84
84
84
84
218
124
84
191
191
188
141
188
191
191
191
186
191
97
107
97
97
211
181
181
181
190
180
20
20
188
188
188
186
188
188
188
188
186
188
147
147
106
208
106
78
106
78
201
78
78
78
244
254
119
217
244
244
244
244
92
106
193
250
245
250
245
245
114
211
245
245
245
245
218
126
211
245
190
190
190
125
190
241
244
170
184
184
184
3
112
184
184
184
184
141
2
2
2
2
123
185
2
2
153
2
187
71
187
187
96
154
187
187
187
187
184
184
184
184
111
184
184
185
153
184
187
187
185
185
85
185
185
185
153
141
3
3
3
3
215
3
3
3
153
141
2
2
185
185
185
3
3
3
3
3
2
2
2
2
184
96
96
96
243
96
96
109
117
109
109
109
109
109
109
109
109
177
177
177
177
202
87
87
87
87
87
91
132
91
177
91
91
180
180
180
112
180
180
83
190
83
180
83
190
190
83
132
83
112
83
83
241
24
241
153
241
111
24
161
24
168
24
12
241
12
248
88
12
241
83
241
117
241
241
151
151
151
167
156
167
32
32
32
44
158
33
33
33
33
158
131
32
131
167
167
151
151
154
127
203
203
182
169
182
182
166
134
166
183
47
166
131
131
177
131
167
39
39
39
167
39
32
131
32
32
167
39
158
39
39
33
253
153
253
92
253
166
72
72
72
72
208
141
159
141
141
193
15
201
15
132
15
149
67
149
127
11
149
120
114
120
120
120
250
250
153
252
153
117
139
52
139
217
139
55
55
55
15
55
53
53
53
217
53
67
67
67
67
68
68
68
100
104
68
240
240
64
64
64
85
192
108
152
108
186
125
108
50
50
50
50
50
79
79
79
78
105
85
213
183
213
100
213
124
213
118
102
118
176
176
153
105
117
105
105
133
105
104
105
105
201
221
221
221
221
211
221
223
223
223
223
223
223
226
226
226
226
243
125
112
112
112
250
192
76
76
76
76
76
111
67
67
11
11
114
11
221
221
221
221
100
114
76
99
76
76
220
49
49
49
49
49
86
132
86
117
47
86
86
86
86
107
86
200
104
200
115
200
123
88
123
150
123
130
134
130
130
107
47
40
40
40
40
195
195
195
229
195
215
93
93
93
195
194
195
127
195
195
195
133
133
89
89
126
93
110
117
110
110
110
133
133
250
133
160
162
160
254
160
160
77
77
77
77
77
80
250
80
80
230
126
80
80
80
80
85
80
116
116
116
116
230
162
230
230
124
192
55
55
55
52
78
78
52
68
88
68
8
202
92
170
92
92
92
177
193
217
137
217
92
8
107
217
203
124
203
203
200
203
203
63
116
63
63
63
63
63
23
63
63
63
114
116
114
176
114
52
114
52
183
52
52
52
49
49
49
49
49
117
49
203
203
130
50
130
130
116
130
196
196
196
196
196
196
196
196
196
196
196
220
197
196
197
197
197
65
115
65
65
194
65
65
65
65
92
117
65
65
65
64
196
215
196
196
133
196
196
196
128
197
197
50
50
183
215
194
197
197
155
197
152
152
152
150
125
150
150
40
40
40
40
152
40
152
152
197
230
194
197
40
40
44
50
44
44
111
44
60
60
60
127
208
60
38
39
38
60
38
44
44
32
60
32
34
34
34
34
158
52
52
54
54
54
67
106
67
183
67
220
23
127
23
23
194
119
119
119
128
194
229
23
229
229
85
132
220
77
77
77
77
215
192
80
43
80
80
170
80
80
80
70
28
28
28
28
29
226
226
226
229
106
226
226
183
126
183
226
183
201
104
201
201
226
53
132
53
183
107
93
53
15
129
132
129
88
91
163
54
52
54
54
54
23
52
23
54
23
55
53
53
53
243
88
53
139
139
52
100
102
52
55
55
55
92
126
55
76
11
76
214
76
11
11
11
11
18
11
11
11
255
67
11
11
73
73
122
73
88
220
148
148
72
148
88
72
99
72
72
201
23
122
23
23
23
72
72
72
72
193
72
72
72
255
72
106
192
107
192
38
192
72
72
72
72
210
163
210
168
210
75
75
75
75
73
124
250
250
88
88
100
250
250
250
250
252
96
69
88
69
220
69
69
69
69
255
69
88
88
88
88
252
104
139
139
120
120
120
78
229
120
91
120
210
210
210
210
193
197
197
197
197
197
51
51
51
43
43
43
51
106
51
51
183
44
50
44
44
44
91
58
52
58
51
50
51
51
44
124
58
58
58
58
125
58
51
51
51
12
12
12
12
139
139
139
255
139
85
127
132
127
218
127
201
229
108
229
229
15
209
209
227
227
112
227
209
209
209
209
235
194
209
24
24
24
157
152
227
227
108
127
108
108
108
108
157
108
114
108
108
157
157
157
156
157
96
157
157
157
157
157
91
133
91
46
215
91
30
30
30
68
202
68
107
68
94
23
128
23
183
28
93
23
59
102
59
59
133
29
30
29
73
106
29
182
102
182
182
182
17
200
17
168
112
104
17
43
162
43
252
43
102
208
112
112
112
161
200
23
23
23
170
23
18
18
18
28
29
28
137
28
137
152
137
24
137
95
135
95
95
102
95
26
159
26
217
26
159
161
159
168
159
26
18
93
133
93
93
127
93
135
135
176
24
176
47
6
6
6
6
193
142
142
147
62
62
62
62
219
146
219
81
144
144
144
118
144
118
118
102
47
199
199
100
199
116
199
215
199
199
199
4
214
4
204
204
204
252
165
117
142
142
62
146
62
206
146
142
142
142
218
252
70
70
70
230
177
147
219
255
255
255
61
144
143
215
143
79
114
79
79
150
143
143
142
142
100
85
46
88
46
46
201
46
127
46
46
134
41
41
33
33
33
160
160
160
160
193
160
161
160
168
160
91
134
91
122
91
91
33
43
33
33
33
162
127
42
42
41
41
41
41
41
41
107
41
41
41
41
41
149
149
42
229
114
42
75
75
75
218
106
252
193
24
155
155
155
56
56
64
64
114
66
66
116
66
56
194
2
138
138
138
188
85
188
186
183
188
200
182
182
186
182
182
201
113
125
113
113
150
101
111
101
186
101
101
187
186
187
152
187
56
56
186
183
200
56
94
94
84
84
186
176
202
189
189
186
150
201
189
56
56
186
150
201
56
150
111
150
150
150
154
154
186
154
154
154
202
202
186
150
191
202
25
154
25
25
25
25
215
25
25
25
153
25
154
154
25
2
2
2
2
2
115
56
115
115
111
115
66
56
66
185
66
71
215
71
182
71
26
26
125
125
125
125
58
44
58
59
59
59
59
59
59
59
59
59
205
205
205
153
205
205
205
157
157
122
158
157
157
157
59
23
59
59
29
29
29
14
14
50
50
208
192
58
238
238
59
8
8
8
8
8
8
8
177
9
61
61
8
211
23
126
23
150
23
23
13
13
13
13
112
13
13
13
13
13
16
112
16
16
23
64
64
64
64
149
15
124
15
15
23
217
107
217
217
18
212
212
212
218
229
115
230
230
255
224
234
224
100
224
228
230
228
92
218
225
229
225
243
225
229
229
238
238
149
14
159
14
255
215
159
159
235
235
99
159
159
114
255
114
238
238
238
230
192
225
107
225
225
225
21
96
21
21
21
233
233
233
243
233
227
64
227
255
227
180
180
241
252
241
23
116
23
23
42
192
192
192
192
18
116
18
22
18
236
211
236
236
236
237
214
237
237
237
13
13
13
13
13
77
222
222
222
22
22
22
22
114
194
225
76
225
224
224
224
254
254
42
42
42
192
10
198
198
216
216
216
76
42
76
76
192
216
15
216
243
88
216
222
222
77
224
77
117
233
232
233
233
115
233
240
240
122
64
122
192
234
234
234
234
124
234
228
228
228
229
107
228
31
31
31
31
91
220
192
97
192
127
192
180
192
192
224
119
192
77
77
77
99
77
235
235
235
252
235
241
241
241
251
97
240
227
240
92
240
232
232
232
254
13
247
247
22
243
22
232
233
232
100
232
246
246
246
255
234
248
248
249
249
249
246
254
246
246
246
125
235
125
125
125
247
241
247
247
247
227
227
125
125
125
234
234
234
234
234
13
13
13
13
13
232
240
232
232
232
22
234
22
22
22
22
22
22
252
243
21
21
22
218
22
111
31
31
31
255
31
99
31
28
31
31
31
31
31
31
255
248
235
225
235
235
116
180
67
67
67
64
235
127
212
193
239
239
239
42
42
42
220
180
237
22
237
237
214
31
31
236
236
236
234
234
213
213
15
221
224
221
221
193
233
233
233
233
214
67
67
67
208
212
212
212
15
222
77
222
222
211
216
216
15
15
15
10
10
10
15
208
212
180
212
212
212
217
217
236
236
236
15
15
198
198
239
213
193
213
237
238
237
208
237
237
237
212
15
238
238
239
222
214
239
239
239
208
208
239
239
239
123
123
123
123
42
17
122
17
17
17
9
83
9
9
32
44
32
32
175
175
175
175
175
174
174
174
174
174
174
174
174
9
9
9
60
56
60
60
60
32
56
32
60
32
60
56
60
60
60
38
215
38
133
38
33
91
33
33
128
32
47
32
32
128
23
114
23
132
23
98
39
98
156
98
98
39
39
38
38
38
111
134
111
111
201
125
125
125
202
234
103
103
103
103
126
119
119
207
207
207
148
200
148
148
104
148
148
151
149
148
145
144
145
146
146
145
149
145
144
145
146
151
146
146
144
71
165
71
103
102
104
10
10
10
229
161
76
99
220
10
134
10
215
93
10
216
96
216
216
200
18
231
216
231
231
235
116
211
32
32
33
32
231
231
33
33
34
34
34
32
92
111
208
137
137
15
100
15
177
193
35
35
137
42
137
161
137
137
29
30
29
29
29
216
216
35
75
35
35
255
102
217
73
73
73
100
73
161
96
214
250
250
75
254
75
85
219
30
30
30
73
102
29
73
73
73
255
73
177
214
34
34
34
34
125
193
45
44
45
45
122
38
44
38
198
38
44
44
198
32
198
198
220
198
198
198
176
96
176
176
180
240
97
240
243
240
161
96
211
74
150
74
218
74
112
113
113
113
113
113
113
252
215
249
156
249
155
249
192
156
192
24
230
192
82
111
82
154
82
133
70
132
70
70
47
126
126
126
183
126
155
15
155
155
155
73
152
73
24
73
172
168
172
161
161
57
211
57
57
106
94
70
70
70
70
116
166
177
166
202
166
166
166
166
155
166
173
173
173
173
158
173
173
176
99
176
176
176
136
136
136
137
98
85
98
98
98
205
200
94
94
96
104
34
34
252
252
252
205
205
224
224
116
136
136
136
136
211
136
222
222
222
211
15
15
43
15
9
9
9
242
106
242
200
242
222
147
222
222
194
242
242
242
254
119
242
85
85
85
150
85
43
43
18
18
18
18
18
26
26
26
18
27
27
144
27
27
27
144
144
144
43
43
27
112
27
27
27
43
43
43
170
112
43
43
43
194
43
150
132
150
150
150
91
169
169
164
164
164
164
169
164
162
164
228
228
254
102
208
90
133
90
90
112
90
103
103
103
103
85
177
16
150
16
117
75
108
108
108
85
108
108
54
52
52
15
15
15
230
15
15
52
112
52
54
52
58
58
58
58
58
136
70
70
23
98
70
98
98
98
115
115
115
115
182
165
177
165
165
165
28
117
28
28
200
165
165
165
28
28
28
169
169
170
170
170
172
172
164
164
162
161
161
161
169
161
1
1
1
1
154
119
47
132
47
47
111
47
150
102
150
150
150
1
1
1
1
1
1
78
162
78
168
78
245
78
167
167
172
168
172
148
148
127
127
124
124
124
124
83
62
60
62
83
126
83
83
134
37
37
151
151
147
147
136
236
149
239
145
144
145
61
60
61
121
121
89
135
89
115
89
89
5
5
69
96
69
69
5
5
5
5
5
97
192
97
4
94
97
128
83
128
128
128
61
104
61
56
202
79
79
90
133
90
90
107
91
207
202
207
85
115
106
6
4
6
6
214
7
4
7
7
15
4
4
4
7
214
146
147
81
81
134
134
134
206
4
173
173
173
63
63
61
61
81
132
135
132
251
251
251
243
251
140
119
140
140
133
95
95
81
81
140
88
140
140
134
45
45
48
48
165
177
165
211
200
214
171
162
171
169
169
35
33
35
74
112
74
74
74
178
183
178
50
104
37
37
71
64
96
71
245
92
245
245
191
186
190
84
190
20
20
162
244
151
151
131
131
33
182
182
203
203
203
131
91
131
131
131
253
208
253
153
153
68
100
68
68
50
50
50
176
50
79
105
79
79
79
213
92
213
183
213
118
176
118
78
99
118
221
194
221
221
223
194
223
223
130
117
130
130
130
93
192
93
93
195
192
195
94
195
133
91
133
133
135
110
110
110
110
114
110
68
202
68
68
125
94
129
124
129
129
135
54
54
54
52
52
210
168
210
170
163
69
255
69
69
24
153
24
24
29
108
108
108
157
201
30
30
30
68
125
68
28
200
17
23
17
170
200
142
147
142
62
62
144
144
146
118
47
118
144
132
211
142
142
146
206
142
218
142
142
144
60
42
99
149
149
75
252
75
75
75
155
155
24
66
194
66
240
99
66
138
138
2
187
152
187
187
187
154
154
154
185
24
115
115
115
56
56
26
125
26
26
26
58
59
58
44
255
230
230
224
224
224
234
228
218
228
228
230
225
252
225
229
225
233
254
233
233
227
92
227
64
241
254
180
180
236
236
236
237
237
237
225
225
76
224
254
224
224
235
252
235
235
241
243
241
241
240
92
240
227
232
100
232
232
22
243
247
247
232
100
232
233
246
255
246
246
249
249
248
248
22
243
22
22
31
248
31
31
239
239
212
236
236
217
217
214
198
239
15
213
238
213
221
237
221
238
239
212
239
239
222
239
239
208
175
175
175
175
175
174
174
174
174
174
174
174
174
38
38
39
39
39
151
148
148
149
145
146
145
145
145
149
149
144
144
146
146
151
71
70
71
165
165
33
33
33
231
33
231
34
218
34
35
34
15
15
137
137
137
35
35
29
29
29
30
30
216
216
216
30
88
30
30
30
45
96
45
44
198
198
198
198
198
249
100
249
156
82
135
82
9
85
9
9
132
155
155
155
1
194
172
161
172
172
172
57
119
57
57
57
211
173
173
136
137
136
94
94
205
205
200
252
252
34
34
9
9
9
242
201
242
9
112
104
18
18
18
164
164
169
168
169
164
164
164
169
169
16
215
16
16
170
170
169
169
169
164
164
172
168
172
1
1
1
1
