4
5
3
4
9
7
7
10
4
10
20
26
25
23
22
15
17
16
17
19
10
6
11
6
10
10
15
17
14
15
17
16
17
22
7
1
1
4
9
26
26
25
12
24
4
1
10
4
9
17
16
17
14
14
6
18
19
13
15
18
15
19
16
13
15
26
9
10
7
10
10
7
26
25
12
24
26
26
25
12
26
26
25
25
12
24
25
12
26
12
12
26
24
24
24
24
24
26
26
25
26
24
14
14
17
14
13
14
16
17
9
19
9
16
18
16
15
9
16
13
19
19
16
19
19
15
13
18
9
13
7
15
7
15
17
16
9
18
4
1
22
20
21
20
23
21
3
3
22
23
20
20
20
21
22
21
22
21
20
23
21
10
10
6
6
6
14
11
4
9
10
6
6
6
11
11
11
13
4
6
11
4
14
1
11
6
4
12
19
4
4
1
22
1
22
8
3
4
4
4
4
5
8
1
1
4
4
2
4
1
22
4
8
2
4
5
7
4
3
1
1
2
5
3
1
1
9
4
4
22
3
9
5
3
3
21
20
16
23
22
20
21
20
21
15
