233
241
245
248
233
233
233
233
233
233
234
237
237
234
238
239
237
238
238
235
234
237
239
239
236
236
236
238
235
241
243
236
240
241
243
241
107
107
241
241
104
109
107
107
107
107
107
106
106
106
106
106
106
56
56
74
75
75
75
72
74
9
9
74
69
9
75
69
72
72
74
74
75
75
69
75
75
74
9
9
74
69
121
121
121
121
120
120
120
120
120
120
120
120
120
120
74
74
24
24
21
11
16
17
31
20
17
18
14
11
17
12
17
24
12
11
17
16
14
12
17
12
20
26
12
16
26
26
11
11
13
30
14
14
10
10
24
18
22
22
12
20
28
28
19
19
11
12
16
18
13
13
12
11
10
10
12
30
13
13
10
10
28
28
17
10
18
1
26
26
28
28
28
28
23
1
20
10
28
28
24
19
19
20
30
13
19
19
19
19
18
20
29
20
20
20
29
29
29
29
22
22
21
21
11
21
22
22
22
22
26
26
26
26
13
13
1
25
26
1
13
14
1
13
14
17
17
14
14
14
25
25
14
24
10
29
29
29
27
27
17
19
14
11
26
26
10
24
30
10
18
30
27
27
15
15
20
17
11
16
31
31
15
15
23
11
25
25
31
31
31
31
15
15
15
15
19
19
23
23
27
23
25
25
30
1
14
21
29
29
30
18
16
12
25
25
20
30
27
31
30
27
16
24
29
1
22
22
16
30
25
25
28
23
23
23
22
22
12
23
31
29
27
27
31
19
21
21
20
17
18
18
10
28
30
23
21
21
12
23
27
27
21
21
1
13
13
23
25
27
15
15
15
15
24
16
24
18
24
16
31
16
24
31
18
18
16
30
21
12
106
7
7
106
56
7
3
3
3
3
94
94
94
94
94
94
94
94
94
94
94
94
142
143
142
142
136
136
132
132
132
135
133
131
137
135
134
131
136
128
135
141
142
142
136
136
130
130
129
138
128
128
133
137
141
141
143
145
145
145
137
128
138
139
130
139
141
142
142
137
137
139
138
138
138
138
145
145
141
133
140
140
136
134
141
142
141
130
136
137
133
133
128
128
128
132
130
130
131
130
145
145
129
129
139
138
139
132
139
139
129
129
145
135
143
141
131
131
138
138
132
128
130
130
130
140
135
138
141
132
131
139
143
143
138
142
136
136
137
137
134
134
139
134
140
129
143
143
140
140
135
135
135
135
140
141
134
134
129
128
129
129
142
141
128
134
129
141
140
140
132
142
128
130
135
131
132
132
131
136
132
132
145
145
145
145
131
131
133
133
131
131
137
137
135
135
143
143
137
143
142
136
138
129
134
134
140
137
139
136
130
140
128
133
134
129
134
140
139
139
143
143
100
100
97
100
100
100
100
100
97
100
100
100
99
99
99
99
99
99
98
98
99
98
98
99
99
99
98
98
98
98
98
98
98
98
96
96
96
96
96
96
96
96
96
107
107
96
96
109
109
109
109
109
103
103
103
103
103
103
103
103
103
109
109
60
60
60
60
60
60
255
255
254
254
255
255
254
254
254
254
254
254
254
254
254
254
108
108
108
108
108
104
104
104
104
104
104
104
56
56
56
105
105
105
123
123
112
112
123
112
112
112
112
113
113
113
113
113
108
108
113
112
112
114
114
114
114
112
112
114
114
112
112
114
114
114
114
114
114
97
97
102
97
102
102
102
102
102
102
121
110
97
97
110
110
53
53
110
110
52
52
53
53
52
52
53
52
52
52
52
52
53
52
52
52
111
111
111
110
110
111
111
111
111
104
104
105
104
110
110
105
105
244
243
244
244
241
241
248
68
240
244
240
240
249
244
248
248
248
249
248
249
249
248
249
249
249
248
249
249
81
81
81
81
87
87
87
86
86
87
87
40
40
40
40
40
40
41
41
41
41
41
41
41
41
43
43
43
43
41
41
41
41
43
43
43
42
42
42
35
35
35
35
86
86
152
152
152
152
152
152
153
153
153
153
47
47
47
86
86
47
46
46
46
46
46
46
44
44
44
44
44
44
44
44
44
44
47
47
47
47
47
47
47
47
87
87
153
153
153
153
153
153
83
83
83
83
83
83
83
83
89
89
89
89
83
89
250
250
251
251
251
251
250
250
250
250
250
250
250
250
250
250
2
2
2
2
2
2
3
3
3
3
80
88
80
91
80
80
80
80
80
80
91
91
91
91
91
80
90
90
90
90
90
90
91
91
95
95
95
95
91
91
95
95
95
95
95
95
95
95
88
88
9
88
88
9
9
9
9
82
82
82
82
82
82
84
84
84
84
84
84
255
255
255
255
255
255
255
255
253
253
253
253
253
253
253
253
4
4
4
4
4
4
5
5
5
5
67
67
85
85
67
67
67
63
63
63
63
66
63
63
63
63
63
63
62
62
63
63
76
76
76
76
62
62
76
76
76
76
76
76
222
222
222
222
222
222
222
222
222
222
62
77
77
77
77
77
77
77
77
56
56
67
67
67
59
59
59
56
67
57
57
57
57
57
57
59
59
59
59
59
59
59
59
58
58
58
58
58
58
58
58
8
8
72
72
8
8
72
8
8
64
64
64
64
64
64
71
71
64
64
64
64
71
61
61
61
61
61
252
252
252
252
252
252
252
252
252
252
253
253
253
253
252
252
71
71
71
79
69
69
71
69
69
73
73
73
73
73
73
38
38
38
38
38
38
220
220
220
220
220
220
220
220
221
220
221
221
221
221
221
221
221
221
221
221
65
65
65
65
65
65
65
72
31
207
207
207
207
207
207
207
207
206
206
206
206
206
206
206
206
177
177
180
180
180
180
180
180
181
181
181
181
177
177
178
178
177
177
178
178
179
179
179
179
179
179
179
179
183
183
183
183
183
183
183
183
177
177
184
184
184
184
184
184
185
185
185
185
176
176
176
176
176
176
204
204
187
187
186
186
186
186
187
187
187
187
187
187
187
187
187
187
203
203
203
203
203
203
203
203
181
181
181
181
203
181
206
206
116
116
116
118
118
118
118
118
118
119
119
119
119
203
203
203
202
202
202
202
205
205
201
205
202
205
45
45
45
45
45
45
182
182
182
182
182
182
182
182
182
182
183
183
183
183
182
182
201
200
201
200
201
201
200
200
200
200
204
204
204
204
200
204
200
204
200
200
204
204
117
117
117
117
117
117
116
116
116
116
116
116
116
116
115
115
115
115
115
115
115
115
115
115
115
115
200
205
205
205
205
205
45
45
195
195
195
195
195
194
195
147
195
195
195
195
216
216
216
216
216
216
217
217
217
217
219
147
165
195
193
193
193
193
193
193
193
193
193
193
193
193
192
192
192
192
192
192
144
144
144
144
144
144
157
157
157
157
157
157
157
157
157
154
154
154
154
154
154
154
155
155
155
155
155
155
154
154
154
154
165
165
165
165
165
165
148
148
148
148
148
148
149
149
149
149
149
149
149
149
163
163
163
163
163
163
149
163
164
164
164
164
164
164
161
161
161
161
197
197
147
147
147
147
194
194
197
197
146
146
146
146
146
146
150
150
151
151
151
151
150
150
150
150
150
150
150
150
150
150
0
0
0
0
0
0
1
1
1
1
174
219
219
219
54
54
54
54
219
54
51
51
51
51
55
55
55
55
55
55
55
55
55
55
55
55
218
218
219
219
219
218
218
218
218
218
147
147
196
196
147
147
217
196
175
175
174
174
174
174
175
175
174
174
175
175
175
175
175
175
175
175
194
197
197
198
198
198
195
195
219
219
197
197
197
198
198
199
199
199
199
199
199
202
202
202
202
119
119
202
119
199
119
199
199
199
119
242
248
244
244
246
246
246
246
246
246
246
246
246
246
213
213
213
213
213
213
213
212
212
213
213
209
209
161
161
161
6
161
161
161
212
160
160
160
160
160
160
162
162
162
162
162
162
162
162
163
163
163
163
162
162
162
162
6
6
6
6
6
6
7
7
7
7
213
213
213
190
190
190
190
190
190
189
189
189
190
190
190
191
191
191
191
191
191
186
186
186
186
186
186
186
186
185
185
185
185
185
185
185
185
188
188
188
188
189
189
189
189
189
189
208
208
208
208
208
223
223
223
223
211
211
211
211
211
211
211
211
211
211
156
156
156
156
156
156
172
172
213
213
167
167
167
167
167
167
167
167
167
167
215
215
215
215
215
215
173
173
215
215
173
212
78
78
78
78
78
78
78
78
78
78
78
78
78
78
78
78
166
172
172
166
166
172
166
166
166
166
214
214
214
214
210
210
170
214
214
214
214
214
168
168
168
168
168
168
169
169
169
169
169
169
169
169
169
169
171
171
171
171
171
171
170
170
170
170
170
170
171
171
171
171
124
124
124
124
124
124
124
124
124
124
48
48
48
124
32
32
32
32
32
32
32
124
34
34
34
34
34
34
70
70
70
70
70
70
70
70
71
71
71
71
70
70
70
70
33
33
35
35
33
33
33
33
33
33
127
127
127
127
127
158
127
127
127
127
159
159
159
158
158
159
158
158
159
159
159
159
159
159
159
159
125
122
122
122
122
122
123
123
123
123
126
126
126
126
48
48
36
36
36
36
36
36
37
37
37
37
37
37
37
37
37
37
37
37
37
37
37
37
39
39
39
39
39
39
58
58
58
58
49
49
49
49
48
48
93
93
93
93
93
93
93
93
92
92
92
92
92
92
92
92
92
92
92
92
49
49
50
50
50
50
51
51
51
51
243
245
251
243
251
251
251
243
243
251
251
193
193
251
193
217
217
174
217
174
242
242
242
242
242
242
242
242
242
242
248
245
245
241
241
245
244
245
245
245
245
247
245
247
247
247
247
247
125
247
125
125
125
125
125
125
125
49
49
49
151
151
50
50
151
151
151
49
49
126
158
125
125
209
209
209
209
209
209
209
212
212
212
212
170
210
209
209
210
210
210
210
188
209
188
209
209
167
68
68
68
68
68
68
68
68
79
68
79
68
79
61
61
63
63
66
66
66
66
66
8
8
56
56
66
79
65
65
64
64
85
86
86
86
86
153
86
86
86
86
85
88
85
88
88
5
5
5
5
5
5
85
85
43
81
43
43
43
81
81
81
40
40
62
62
62
62
101
101
101
101
101
101
101
101
101
101
121
108
121
108
108
123
123
123
123
228
228
228
228
232
232
232
232
231
231
228
235
228
235
235
228
227
227
227
227
230
230
230
230
230
230
229
229
229
229
229
229
229
229
229
229
229
229
226
226
226
226
226
226
226
226
226
226
228
228
227
226
227
226
228
227
227
232
227
232
232
232
225
225
225
225
225
225
225
225
225
225
231
231
231
231
224
224
224
224
224
224
224
224
224
224
224
224
224
224
236
236
236
236
236
236
233
233
233
233
233
234
234
237
237
234
237
238
234
239
238
234
234
233
233
238
238
238
239
239
239
235
238
239
235
239
235
238
237
234
238
235
239
237
235
235
237
237
243
243
243
240
240
244
236
236
240
243
240
74
74
74
120
74
106
7
106
7
106
7
100
100
97
97
99
99
99
99
99
99
96
96
96
96
107
109
109
109
103
103
103
103
60
60
60
60
60
60
56
56
105
112
112
112
113
113
113
113
113
113
102
102
102
102
110
110
110
111
53
53
53
53
53
53
111
111
111
111
105
244
240
249
249
87
87
87
87
87
87
87
40
40
40
40
40
40
42
42
42
42
42
42
86
152
152
152
152
152
152
46
46
46
46
46
46
87
83
83
83
83
89
89
89
89
89
89
2
2
2
2
2
2
91
91
80
90
90
90
90
90
90
9
9
9
9
82
82
82
82
84
84
84
84
84
84
4
4
4
4
4
4
63
62
63
76
76
76
76
76
76
77
77
77
77
67
59
67
57
57
57
57
57
57
8
72
8
8
71
64
64
61
61
61
61
61
61
69
69
69
69
73
73
73
38
38
38
38
38
38
65
65
65
31
207
207
207
177
203
177
177
177
177
177
180
180
180
180
180
180
178
178
179
179
178
178
184
184
184
184
184
184
176
176
176
176
176
176
181
181
181
118
118
118
118
118
118
205
205
205
45
45
45
45
45
45
201
201
200
201
201
201
204
200
200
117
117
117
117
117
117
216
216
216
216
216
216
192
192
192
144
144
144
144
144
144
155
155
155
155
155
155
165
165
165
164
148
148
148
148
148
148
164
164
164
164
164
164
197
197
147
197
146
146
146
146
146
146
0
0
0
0
0
0
219
219
219
219
54
54
54
54
54
54
218
218
218
218
218
218
196
196
196
196
196
196
194
198
194
194
194
194
194
194
194
194
148
119
199
199
246
6
161
161
160
160
160
160
160
160
6
6
7
6
7
6
189
189
190
191
191
191
191
191
191
188
188
188
188
189
188
208
208
208
208
223
208
208
211
156
156
156
156
156
156
215
215
215
173
173
173
173
173
173
166
166
166
166
166
166
170
214
214
168
168
168
168
168
168
170
171
171
170
170
170
32
32
32
32
34
34
34
34
34
34
33
33
33
33
33
33
122
127
122
127
158
158
158
158
158
158
122
122
122
122
122
122
126
126
126
126
36
36
36
36
36
36
39
39
39
39
39
39
49
49
49
49
93
48
93
93
48
48
50
50
50
50
50
50
251
217
217
217
217
245
241
247
247
209
35
32
35
35
35
35
35
212
212
172
212
212
172
172
172
212
172
212
66
66
66
56
79
85
85
85
83
5
85
88
88
88
80
88
80
80
5
62
121
121
108
108
123
232
228
228
235
230
232
232
232
225
231
231
231
231
224
227
231
234
234
237
240
243
240
107
109
206
177
116
203
195
195
198
194
195
197
213
213
193
174
245
245
125
35
151
151
209
172
172
209
188
209
79
79
85
86
83
80
43
81
231
107
109
97
104
244
244
81
67
205
147
119
248
48
125
210
68
66
86
101
