1
1
3
6
1
9
3
0
3
4
10
5
5
3
3
5
1
4
3
9
4
0
5
1
1
1
1
5
3
3
8
5
7
5
1
1
5
1
3
1
1
0
1
5
3
1
3
1
11
7
0
1
9
5
5
5
5
5
6
10
3
8
3
3
5
1
5
5
5
0
7
9
3
0
3
7
0
4
4
5
10
10
5
5
10
5
9
7
10
6
7
1
6
8
3
10
7
7
10
5
11
7
1
10
9
8
9
10
9
8
10
8
6
8
0
1
10
10
10
3
7
11
11
11
6
6
4
6
6
9
6
9
8
11
10
6
11
0
10
0
8
10
10
9
10
6
3
10
3
10
3
10
10
8
3
10
11
6
9
0
3
6
1
6
6
5
1
5
7
7
7
7
7
10
3
7
0
0
0
3
8
8
8
11
9
10
7
7
7
8
0
8
8
10
3
10
8
8
11
8
11
5
6
1
1
6
6
3
10
5
9
9
9
9
8
5
5
4
0
0
0
0
7
10
5
4
5
5
9
9
1
1
1
1
6
9
10
3
10
10
10
6
10
0
5
10
3
11
11
11
10
10
3
3
11
11
11
11
9
6
8
6
11
6
6
5
11
11
3
9
8
9
9
0
11
0
8
8
7
11
0
5
6
3
7
11
11
4
4
11
4
7
4
9
6
8
6
6
11
4
11
5
0
1
0
8
5
7
0
4
0
1
9
3
1
1
1
1
1
5
5
11
6
8
3
11
4
4
4
4
9
3
4
4
7
11
5
5
10
0
8
6
7
7
7
7
7
1
1
6
11
5
0
0
11
0
8
8
8
8
0
0
10
8
7
1
0
8
0
9
8
11
11
4
11
11
11
0
3
0
8
4
7
3
0
0
5
9
8
11
3
4
3
6
3
9
8
3
3
9
9
5
5
5
5
6
5
5
5
11
1
5
5
1
8
3
5
11
5
0
1
10
10
6
10
8
6
11
1
0
11
11
9
10
4
3
4
0
0
9
0
0
0
10
1
4
4
11
4
3
3
3
3
1
1
3
3
6
4
1
6
5
7
7
1
4
4
9
3
3
4
3
9
9
9
10
9
6
6
10
6
10
9
9
9
9
4
9
8
8
1
8
8
4
7
4
4
8
4
3
0
0
0
10
0
9
6
9
5
5
11
6
11
1
11
11
1
9
5
5
5
7
7
8
1
0
0
0
7
6
6
3
8
8
9
11
10
5
5
0
0
1
6
9
9
1
8
8
4
4
0
0
0
0
7
9
8
10
0
3
0
0
0
10
6
9
0
7
0
6
4
7
1
7
1
1
11
1
10
