11
12
11
12
12
4
4
5
5
5
4
4
10
10
4
14
14
14
7
12
7
7
7
7
13
13
13
12
5
2
4
8
4
7
13
13
13
9
10
10
10
10
10
10
12
6
6
6
6
7
7
7
15
6
6
6
6
6
11
9
9
13
13
6
6
6
6
6
6
9
10
10
10
6
6
6
8
8
8
15
14
14
14
15
15
15
6
15
6
6
8
6
6
13
13
13
8
12
12
12
12
12
12
12
12
13
13
13
13
13
13
13
13
13
13
13
13
13
13
13
13
13
13
13
13
13
8
1
8
8
1
1
1
1
2
2
1
2
2
2
1
2
2
11
11
9
9
9
9
14
0
0
0
0
2
3
3
2
2
2
2
2
2
2
0
0
0
2
2
2
2
2
5
5
14
2
3
3
3
3
3
3
3
3
3
3
3
3
1
2
2
8
1
8
2
2
2
1
2
14
8
8
8
1
8
8
8
8
1
8
14
14
14
14
9
9
9
14
0
0
0
0
0
0
1
0
3
3
0
0
0
0
0
0
0
3
3
3
3
3
3
3
0
0
0
0
0
0
0
0
0
3
3
3
3
3
3
3
3
3
0
0
0
0
0
0
0
0
0
3
3
3
3
3
0
3
0
0
0
0
0
0
0
0
9
9
9
9
14
14
14
6
6
6
6
6
6
6
9
6
6
15
6
6
6
6
12
15
11
11
11
1
11
15
11
14
14
14
14
12
9
15
15
15
9
11
8
13
12
13
9
15
15
15
15
15
15
15
4
4
12
4
12
4
4
6
11
15
15
9
11
11
11
11
11
11
11
11
11
11
11
11
11
9
9
9
9
15
15
9
9
9
9
12
12
15
15
9
9
9
9
15
14
14
5
4
14
7
5
13
13
13
13
12
3
1
1
1
1
8
8
1
1
1
1
2
8
15
1
1
1
1
1
1
1
15
15
1
15
9
2
1
1
3
1
1
8
2
2
1
15
8
2
8
8
1
15
8
2
15
1
1
1
1
2
8
3
3
2
2
2
2
2
2
1
15
6
13
13
10
10
10
10
13
10
7
7
7
15
15
5
5
5
5
5
5
5
5
5
5
5
5
5
5
5
10
7
7
7
7
7
7
7
7
7
7
7
7
7
10
10
10
4
2
4
4
4
2
4
4
2
2
2
7
2
10
10
10
10
10
12
12
12
12
12
8
12
10
10
10
10
10
10
15
9
15
15
5
5
5
5
5
4
9
9
9
8
10
10
10
10
15
15
15
15
15
15
8
6
15
15
15
15
15
8
8
8
12
12
8
12
14
14
15
15
15
4
4
4
4
4
15
15
15
15
8
15
15
15
11
11
11
15
15
8
8
8
8
9
9
9
15
15
11
4
5
5
10
4
10
7
7
7
4
4
4
12
13
10
12
6
6
6
7
7
8
13
15
13
11
11
3
1
3
3
14
6
6
6
15
6
6
9
11
11
15
11
14
15
14
9
8
8
11
11
11
11
9
9
9
9
12
12
12
9
14
14
5
4
4
7
3
1
1
1
1
2
2
2
2
5
5
5
5
5
5
5
5
5
5
7
7
7
7
7
7
7
7
7
7
7
7
7
12
12
12
12
10
5
5
4
9
9
8
12
8
8
8
12
12
12
15
15
15
